	albatross	alligator	ant	anteater	antelope	aphid	armadillo	baboon	badger	barbel	barracuda	bat	bear	beaver	bee	beetle	bengal_tiger	biddy	bison	black_bear	blackbird	blindworm	blue_whale	boa	bonobo	buffalo	bullock	bumblebee	butterfly	caiman	camel	canary	carp	cat	caterpillar	catfish	centipede	chameleon	chicken	chimpanzee	chipmunk	clown_fish	cockroach	cod	constrictor_snake	copperhead	coral_snake	cottonmouth	cow	coyote	crab	crocodile	crow	cuckoo	cuttlefish	dachshund	deer	diamondback_rattlesnake	dingo	dog	dolphin	donkey	dove	dragonfly	duck	eagle	earthworm	eel	elephant	elk	emu	falcon	finch	fin_whale	flamingo	flea	fly	fox	frog	frogspawn	gadfly	gazelle	gecko	gerbil	gibbon	giraffe	goat	goldfish	goose	gorilla	grasshopper	grizzly_bear	guinea_pig	gull	haddock	halibut	hamster	hare	harvestman	hawk	hedgehog	horse	hyena	iguana	jackdaw	jaguar	jay	jellyfish	kangaroo	kestrel	killer_whale	kiwi	koala	ladybug	lemur	lemming	leopard	lion	lizard	llama	lobster	louse	lynx	mandril	mallard	mammoth	marmot	midge	millipede	mink	mole	mongoose	monkey	moose	moth	mouse	mule	newt	nightingale	nuthatch	nymph	octopus	okapi	ostrich	otter	owl	oyster	panda	panther	parakeet	parrot	peacock	pekingese	pelican	penguin	perch	pheasant	pig	pigeon	pike	piranha	plaice	platypus	polar_bear	polecat	pony	poodle	porcupine	prairie_dog	prawn	puma	python	rabbit	racoon	rat	rattlesnake	raven	ray	red_admiral	red_panda	reindeer	rhinoceros	robin	rooster	round_worm	salamander	salmon	saurian	sawfish	scallop	scorpion	sea_cow	sea_lion	sea_snake	seal	shark	sheep	shell	shrimp	sidewinder	silkworm	skunk	sloth	slug	snail	snake	sparrow	sperm_whale	spider	squid	squirrel	starfish	stingray	stork	swallow	swallowtail	swan	swift	tapir	termite	tarantula	tiger	tit	toad	tortoise	toucan	trout	turkey	turtle	vulture	walrus	wasp	weasel	whale	wolf	wombat	woodpecker	wren	yak	zebra
albatross	0.0	0.01194	0.01186	0.01201	0.01282	0.01112	0.01216	0.01239	0.01132	0.01342	0.01167	0.01243	0.01235	0.01337	0.01268	0.01205	0.0126	0.0136	0.01256	0.01165	0.01183	0.0131	0.01161	0.01336	0.01233	0.01368	0.01459	0.01246	0.01178	0.01307	0.01295	0.01284	0.0128	0.01283	0.01329	0.0121	0.01285	0.0122	0.01232	0.01179	0.01337	0.01252	0.0133	0.01299	0.01325	0.01226	0.01128	0.0127	0.01233	0.01358	0.01204	0.01181	0.01259	0.01189	0.0122	0.01254	0.01338	0.01291	0.0125	0.01196	0.01292	0.01235	0.01181	0.01268	0.01292	0.01159	0.01313	0.01163	0.01321	0.01346	0.01238	0.01185	0.0108	0.01256	0.01185	0.01306	0.01224	0.0134	0.01254	0.01337	0.01238	0.01248	0.01293	0.01268	0.01341	0.01291	0.0119	0.0125	0.01225	0.01274	0.01227	0.01228	0.01175	0.01088	0.01246	0.01187	0.01196	0.01344	0.01172	0.01276	0.01313	0.0125	0.013	0.01303	0.01099	0.01338	0.01391	0.01285	0.01259	0.01107	0.01153	0.01248	0.01163	0.01305	0.01307	0.01306	0.01286	0.01155	0.01285	0.01225	0.01246	0.01288	0.01215	0.01419	0.01161	0.01197	0.01322	0.01351	0.01215	0.01297	0.0122	0.012	0.01232	0.01201	0.01313	0.01261	0.01266	0.01328	0.01264	0.01257	0.0124	0.01238	0.01232	0.01143	0.01311	0.01229	0.01158	0.0124	0.01232	0.01193	0.01171	0.01248	0.0125	0.0113	0.01227	0.01198	0.01318	0.01203	0.01128	0.01319	0.01208	0.01338	0.01249	0.01099	0.01226	0.01327	0.01233	0.01204	0.01281	0.01224	0.01279	0.01333	0.01205	0.01171	0.01303	0.01218	0.01276	0.01398	0.01183	0.01144	0.01191	0.01201	0.01389	0.01316	0.01393	0.01272	0.01237	0.01188	0.01294	0.01143	0.01175	0.01226	0.01073	0.01212	0.01288	0.01337	0.01132	0.01313	0.01232	0.01268	0.01286	0.01238	0.01283	0.01304	0.01298	0.01246	0.01275	0.0126	0.01299	0.0113	0.01286	0.01344	0.01344	0.01138	0.01167	0.01234	0.01206	0.01282	0.01261	0.01253	0.01272	0.01223	0.01283	0.01207	0.01293	0.0129	0.01179	0.01422	0.01183	0.01079	0.012	0.01318	0.01229	0.01148	0.0123	0.01237	0.01248	0.01279	0.01246	0.01254
alligator	0.01194	0.0	0.00912	0.0116	0.01242	0.01167	0.01205	0.01277	0.0128	0.01246	0.00955	0.01241	0.01042	0.01398	0.01333	0.01155	0.01266	0.01343	0.01236	0.01159	0.01354	0.01341	0.01146	0.01303	0.01323	0.01449	0.0145	0.01238	0.01202	0.01139	0.01385	0.0138	0.01181	0.01313	0.01297	0.01118	0.01167	0.01035	0.01221	0.01146	0.01313	0.01189	0.01312	0.01232	0.01223	0.01148	0.01222	0.01065	0.01175	0.01232	0.01131	0.01167	0.01392	0.01326	0.01182	0.01346	0.013	0.01169	0.01317	0.01333	0.01199	0.01175	0.01376	0.0133	0.01335	0.01309	0.01185	0.01115	0.0137	0.01281	0.01405	0.01389	0.01188	0.01283	0.01305	0.01284	0.01283	0.01365	0.012	0.01262	0.01298	0.01205	0.01249	0.01111	0.01385	0.01305	0.01235	0.01168	0.01333	0.0123	0.01299	0.012	0.01321	0.01305	0.01232	0.01049	0.01237	0.01413	0.01005	0.01373	0.01252	0.01361	0.01225	0.01239	0.01245	0.014	0.01409	0.01169	0.01305	0.01361	0.01178	0.0127	0.01245	0.01217	0.01151	0.01306	0.01351	0.01387	0.01269	0.01108	0.0102	0.01124	0.01369	0.01409	0.01304	0.01283	0.0137	0.01346	0.01151	0.01284	0.01207	0.01287	0.01168	0.01257	0.01294	0.01124	0.01358	0.0129	0.01428	0.01357	0.01282	0.01295	0.01249	0.01254	0.01416	0.01183	0.01208	0.01209	0.01188	0.01283	0.01304	0.01346	0.0133	0.01281	0.01322	0.01208	0.01311	0.01257	0.0134	0.0137	0.0114	0.01199	0.01235	0.01047	0.01233	0.01355	0.01286	0.01194	0.01362	0.00981	0.01339	0.01247	0.01204	0.01314	0.01186	0.01305	0.01315	0.01325	0.01265	0.01331	0.01238	0.01231	0.01454	0.01311	0.01344	0.01194	0.01161	0.01337	0.01176	0.00991	0.01209	0.00845	0.01091	0.01279	0.01292	0.01219	0.01088	0.01171	0.01056	0.01283	0.01265	0.01245	0.01327	0.0121	0.01241	0.01264	0.01316	0.00939	0.01241	0.01043	0.01316	0.013	0.0137	0.0129	0.01297	0.01306	0.01398	0.01349	0.01183	0.01118	0.01329	0.00938	0.01424	0.01165	0.01227	0.01259	0.01025	0.01438	0.01276	0.01011	0.01083	0.01232	0.01325	0.00946	0.01227	0.01244	0.01193	0.01392	0.01312	0.01342
ant	0.01186	0.00912	0.0	0.01137	0.01281	0.01192	0.01242	0.01296	0.01296	0.01225	0.00997	0.01272	0.01066	0.01371	0.01268	0.01126	0.01262	0.0128	0.01226	0.01083	0.01288	0.0133	0.01094	0.01337	0.01316	0.01443	0.01402	0.01176	0.01233	0.01062	0.01374	0.01265	0.01276	0.0131	0.01256	0.01243	0.012	0.0114	0.01213	0.01138	0.01342	0.01171	0.01317	0.01329	0.01256	0.01064	0.01242	0.0116	0.01148	0.01209	0.01216	0.01193	0.01329	0.01262	0.0116	0.01346	0.01271	0.0121	0.01252	0.01298	0.0105	0.01096	0.01361	0.01275	0.01265	0.01334	0.01191	0.01156	0.01325	0.01333	0.01367	0.01386	0.01146	0.01292	0.0122	0.01235	0.01311	0.01343	0.01183	0.01265	0.01317	0.01215	0.01223	0.01195	0.01329	0.01335	0.01188	0.01097	0.01331	0.01167	0.01265	0.01187	0.01293	0.01282	0.01248	0.01054	0.01196	0.01345	0.01077	0.01334	0.01195	0.01321	0.0131	0.01153	0.01207	0.01328	0.01342	0.01153	0.01315	0.01339	0.012	0.01251	0.01112	0.01163	0.01156	0.0135	0.0129	0.01287	0.01159	0.01114	0.01037	0.01142	0.01355	0.01378	0.01303	0.01247	0.01341	0.01346	0.01124	0.01304	0.01178	0.01205	0.01165	0.01237	0.01338	0.01141	0.0137	0.01294	0.0135	0.01368	0.01281	0.01291	0.01173	0.01202	0.01411	0.01084	0.0119	0.01135	0.01109	0.01305	0.01275	0.01322	0.0129	0.01232	0.01209	0.01246	0.01312	0.01171	0.01294	0.01365	0.01132	0.01297	0.01223	0.01195	0.01192	0.01348	0.0125	0.01223	0.01365	0.01012	0.01318	0.01295	0.01217	0.01293	0.01166	0.01249	0.01267	0.01305	0.012	0.01278	0.01172	0.01252	0.01347	0.01255	0.01376	0.01189	0.01217	0.01289	0.0109	0.01133	0.01177	0.0103	0.0113	0.01203	0.01297	0.0125	0.01123	0.01183	0.01062	0.01259	0.01265	0.0121	0.01251	0.01265	0.01241	0.01252	0.01234	0.01095	0.01191	0.0113	0.01253	0.01304	0.01282	0.01311	0.01278	0.0128	0.01341	0.01386	0.01108	0.01079	0.01315	0.01048	0.0135	0.0122	0.01247	0.01248	0.01183	0.01475	0.01235	0.01119	0.01033	0.01194	0.01308	0.0111	0.01228	0.01215	0.01203	0.01295	0.01362	0.01275
anteater	0.01201	0.0116	0.01137	0.0	0.0126	0.0119	0.01174	0.01201	0.01076	0.01246	0.01065	0.01202	0.01141	0.01149	0.0121	0.01037	0.01229	0.01353	0.012	0.00987	0.01249	0.01285	0.00986	0.0128	0.01241	0.01305	0.01358	0.01283	0.01277	0.01159	0.01294	0.01321	0.01264	0.01175	0.01199	0.01169	0.01208	0.01118	0.01196	0.01075	0.01178	0.01211	0.01364	0.01341	0.01294	0.01219	0.01108	0.01136	0.00989	0.01209	0.01275	0.01133	0.01215	0.01178	0.01264	0.0119	0.01159	0.01111	0.01182	0.01239	0.01277	0.01159	0.01175	0.01232	0.01169	0.01258	0.01248	0.01105	0.01281	0.01223	0.01245	0.01259	0.01059	0.01181	0.01177	0.0126	0.0135	0.01266	0.01089	0.01256	0.01369	0.011	0.01186	0.01137	0.01335	0.01298	0.01163	0.00961	0.01119	0.01115	0.01245	0.01117	0.01112	0.01228	0.01343	0.01163	0.01198	0.01281	0.01183	0.0127	0.01226	0.01209	0.0123	0.01037	0.01204	0.01284	0.01381	0.01133	0.01189	0.01254	0.01135	0.01272	0.01086	0.01235	0.01233	0.01252	0.01252	0.01147	0.01239	0.01143	0.00986	0.0117	0.01276	0.01416	0.0121	0.01207	0.01223	0.01367	0.01178	0.01197	0.00891	0.01108	0.01116	0.0117	0.01344	0.01199	0.01285	0.01198	0.01337	0.01211	0.01179	0.01217	0.01102	0.0109	0.01177	0.01068	0.01071	0.01062	0.01196	0.01147	0.01185	0.01232	0.01208	0.01132	0.01252	0.01228	0.01253	0.01097	0.01067	0.01269	0.01261	0.01208	0.01224	0.01231	0.01141	0.01214	0.01186	0.01054	0.01205	0.0108	0.01317	0.01215	0.01134	0.01223	0.01162	0.01023	0.01133	0.01398	0.01105	0.01151	0.01118	0.01172	0.01444	0.01213	0.01322	0.01141	0.01221	0.01186	0.01208	0.01141	0.01218	0.01162	0.01024	0.01167	0.01239	0.01237	0.01157	0.01054	0.01111	0.01319	0.01253	0.01172	0.012	0.01188	0.01137	0.01198	0.01219	0.01132	0.01169	0.01187	0.01214	0.01212	0.01257	0.01176	0.01199	0.01262	0.01258	0.01344	0.01153	0.01118	0.01275	0.0109	0.01295	0.01142	0.01154	0.01201	0.01247	0.01349	0.01121	0.01136	0.01127	0.01214	0.01282	0.0122	0.01128	0.0115	0.01175	0.01313	0.0138	0.01178
antelope	0.01282	0.01242	0.01281	0.0126	0.0	0.0134	0.01172	0.01254	0.01167	0.01171	0.0127	0.01368	0.01271	0.01205	0.01322	0.01304	0.013	0.01368	0.01209	0.01201	0.01366	0.01409	0.0121	0.01362	0.01265	0.01333	0.01346	0.01261	0.01354	0.01324	0.01211	0.01338	0.01192	0.01138	0.01258	0.01199	0.01318	0.01278	0.01278	0.01235	0.01013	0.01343	0.01325	0.01336	0.01333	0.01328	0.01159	0.01296	0.01244	0.01289	0.01305	0.00995	0.01266	0.01343	0.01408	0.01184	0.01217	0.01215	0.01243	0.0124	0.01334	0.01251	0.01343	0.01373	0.01189	0.01216	0.01258	0.01338	0.01257	0.01155	0.01335	0.01374	0.01255	0.01356	0.01323	0.01326	0.01348	0.01275	0.01332	0.01388	0.01354	0.01156	0.01264	0.01285	0.014	0.00993	0.01259	0.01262	0.01182	0.01348	0.01326	0.01136	0.01168	0.01314	0.01297	0.01301	0.01184	0.01254	0.01269	0.01345	0.01314	0.01181	0.01271	0.01252	0.0126	0.01327	0.01418	0.01272	0.0116	0.01338	0.0122	0.01301	0.01194	0.01339	0.01192	0.01143	0.0133	0.01337	0.01277	0.01238	0.01301	0.01359	0.01264	0.01461	0.01257	0.01284	0.0114	0.01302	0.01302	0.01156	0.01221	0.01279	0.01103	0.01201	0.01375	0.01313	0.01169	0.01352	0.01334	0.01305	0.01329	0.01355	0.01144	0.01229	0.0118	0.01228	0.01179	0.01303	0.01312	0.01338	0.01253	0.01347	0.0117	0.01311	0.01333	0.01303	0.01104	0.01107	0.01247	0.014	0.01323	0.01249	0.01253	0.01189	0.01091	0.01177	0.0123	0.01181	0.01214	0.01215	0.01359	0.01348	0.01094	0.01247	0.01207	0.01261	0.0121	0.01456	0.01153	0.01334	0.0119	0.01183	0.01377	0.01257	0.01355	0.01226	0.01336	0.01323	0.01376	0.01159	0.01283	0.01285	0.01251	0.01253	0.01301	0.01334	0.0106	0.01309	0.01333	0.01353	0.01313	0.01261	0.0124	0.01396	0.01385	0.01163	0.01216	0.01258	0.01358	0.01138	0.01229	0.01351	0.01416	0.0132	0.01377	0.01323	0.01301	0.01415	0.01237	0.01285	0.01145	0.01274	0.01362	0.01264	0.01346	0.01112	0.01176	0.01381	0.01306	0.01095	0.01233	0.0127	0.0121	0.01224	0.01066	0.01246	0.01116	0.01389	0.01257	0.01212
aphid	0.01112	0.01167	0.01192	0.0119	0.0134	0.0	0.01254	0.01262	0.01197	0.01292	0.01182	0.01214	0.01249	0.01274	0.012	0.01148	0.01338	0.01323	0.01336	0.01205	0.01066	0.01283	0.01177	0.0131	0.01306	0.01427	0.0146	0.01167	0.01038	0.01217	0.01331	0.01361	0.01318	0.01287	0.01149	0.01338	0.0115	0.01206	0.0122	0.0118	0.01273	0.01243	0.01242	0.01362	0.013	0.01124	0.01185	0.01288	0.01136	0.01336	0.01298	0.01251	0.01224	0.01128	0.01225	0.01334	0.01286	0.0126	0.01259	0.01285	0.01211	0.01282	0.01188	0.01022	0.01269	0.01229	0.01224	0.01224	0.01336	0.01319	0.01349	0.01168	0.0115	0.01289	0.01168	0.01229	0.01171	0.01256	0.01155	0.01286	0.01252	0.01277	0.01225	0.01191	0.01396	0.01356	0.01234	0.01156	0.01216	0.01351	0.01131	0.01199	0.01211	0.01236	0.01347	0.01144	0.01221	0.01334	0.0109	0.01292	0.0128	0.01304	0.01304	0.012	0.01176	0.01208	0.01387	0.01222	0.01254	0.01096	0.0123	0.01246	0.01208	0.0117	0.0132	0.01308	0.01249	0.01168	0.01143	0.01171	0.01185	0.01121	0.01165	0.0138	0.01222	0.01157	0.01331	0.01241	0.01153	0.01328	0.01254	0.01134	0.01246	0.0116	0.01037	0.01211	0.01303	0.01319	0.01248	0.01281	0.01154	0.0109	0.01244	0.01175	0.01368	0.01197	0.01195	0.01218	0.01069	0.01265	0.01272	0.01171	0.01266	0.01166	0.01221	0.01241	0.0135	0.01216	0.01238	0.01343	0.01123	0.01286	0.01214	0.01236	0.01198	0.01274	0.0129	0.0115	0.01305	0.01229	0.01267	0.01209	0.01234	0.01324	0.01261	0.01268	0.01231	0.01371	0.01213	0.01136	0.01162	0.01225	0.01399	0.01294	0.01387	0.01271	0.01239	0.01123	0.01198	0.01211	0.01151	0.0121	0.01163	0.0121	0.01329	0.0128	0.01187	0.01171	0.01222	0.01187	0.01221	0.01286	0.01256	0.01336	0.01232	0.01279	0.01213	0.01214	0.01245	0.01254	0.0133	0.01273	0.01286	0.01209	0.01173	0.01124	0.01233	0.01282	0.01213	0.01142	0.01274	0.01122	0.01323	0.01208	0.01234	0.01296	0.01307	0.01418	0.01164	0.01255	0.01148	0.01092	0.01179	0.01291	0.01297	0.01191	0.01259	0.0129	0.01243	0.01266
armadillo	0.01216	0.01205	0.01242	0.01174	0.01172	0.01254	0.0	0.01152	0.01256	0.0113	0.01151	0.01256	0.01237	0.01341	0.01334	0.01194	0.01132	0.01347	0.01099	0.01178	0.0136	0.01245	0.01073	0.01299	0.01078	0.01269	0.01411	0.01296	0.01305	0.01175	0.01261	0.01341	0.01314	0.01116	0.01257	0.01162	0.01199	0.01189	0.01207	0.01123	0.01054	0.01288	0.01284	0.01401	0.01279	0.01175	0.00968	0.01323	0.01178	0.01262	0.01315	0.01142	0.01263	0.01282	0.01383	0.01088	0.01211	0.0124	0.01286	0.01043	0.01325	0.01122	0.01299	0.01304	0.01209	0.01151	0.01223	0.01178	0.0126	0.01232	0.01337	0.01355	0.01154	0.01172	0.01266	0.01273	0.01417	0.01349	0.01199	0.01349	0.01366	0.01021	0.01253	0.01243	0.01258	0.01155	0.01132	0.0112	0.01149	0.01396	0.01292	0.0105	0.0128	0.01346	0.01379	0.01262	0.01219	0.01256	0.01262	0.01416	0.01231	0.01185	0.01165	0.01191	0.01192	0.01325	0.01421	0.01174	0.01142	0.01318	0.01196	0.01317	0.00917	0.01336	0.01191	0.01306	0.0118	0.01257	0.01286	0.01232	0.01248	0.0115	0.01265	0.01489	0.01318	0.01307	0.01231	0.01348	0.01161	0.01258	0.01083	0.01142	0.01125	0.01206	0.01359	0.01329	0.01176	0.01244	0.0139	0.01222	0.01281	0.01227	0.00986	0.01192	0.01172	0.01138	0.01228	0.01199	0.01201	0.01247	0.01215	0.01267	0.01218	0.01266	0.01322	0.01303	0.0108	0.01162	0.01211	0.01366	0.01311	0.01323	0.01147	0.01157	0.01183	0.01275	0.01157	0.01154	0.0121	0.01234	0.01312	0.0125	0.01113	0.0126	0.01172	0.01222	0.0125	0.01412	0.01075	0.01283	0.01204	0.01053	0.01424	0.01195	0.01368	0.01151	0.01227	0.0128	0.01205	0.01131	0.01134	0.01147	0.01171	0.01105	0.01305	0.01222	0.01177	0.01274	0.01267	0.0133	0.0127	0.01196	0.01244	0.01299	0.01233	0.01234	0.01085	0.01258	0.01262	0.01139	0.01216	0.01273	0.01304	0.01122	0.01313	0.01255	0.01285	0.01371	0.01191	0.01181	0.01207	0.01247	0.01295	0.01098	0.01164	0.01094	0.01296	0.01351	0.01236	0.01163	0.01119	0.0118	0.01311	0.01103	0.011	0.01224	0.01049	0.01371	0.01267	0.01261
baboon	0.01239	0.01277	0.01296	0.01201	0.01254	0.01262	0.01152	0.0	0.01232	0.01281	0.01257	0.0124	0.01278	0.0133	0.01314	0.01246	0.01134	0.01385	0.01043	0.01234	0.01281	0.01379	0.01209	0.01341	0.01186	0.01396	0.01416	0.01281	0.0132	0.0124	0.0137	0.01362	0.01336	0.01201	0.01322	0.01244	0.01223	0.01188	0.01284	0.01205	0.01252	0.01302	0.01323	0.01424	0.0127	0.01304	0.01181	0.0139	0.01167	0.01305	0.01349	0.01206	0.01378	0.01284	0.01424	0.01249	0.01306	0.01353	0.01252	0.01226	0.0129	0.0116	0.01356	0.01356	0.01276	0.01211	0.01276	0.01152	0.01302	0.01318	0.01343	0.01387	0.01153	0.01228	0.01308	0.01318	0.01411	0.01316	0.01212	0.01404	0.01396	0.01133	0.01184	0.01259	0.01223	0.01338	0.01276	0.01215	0.01204	0.01407	0.01299	0.01077	0.01233	0.01262	0.01386	0.01257	0.01237	0.01364	0.01325	0.01345	0.01278	0.01316	0.01165	0.01206	0.0129	0.01358	0.0139	0.01271	0.01165	0.01226	0.0128	0.01316	0.01199	0.01337	0.01208	0.01195	0.01347	0.01329	0.01322	0.01295	0.01306	0.01202	0.01291	0.0145	0.01333	0.01326	0.0124	0.01409	0.01158	0.01312	0.01214	0.01251	0.01249	0.01221	0.01387	0.01315	0.01355	0.01272	0.01403	0.01195	0.01335	0.01324	0.01139	0.01238	0.01323	0.01181	0.01306	0.01195	0.01338	0.01186	0.01224	0.0132	0.01248	0.01327	0.01385	0.01285	0.0128	0.0128	0.01242	0.01345	0.01377	0.0129	0.01185	0.01197	0.01242	0.01343	0.01325	0.0109	0.01191	0.01308	0.01314	0.01309	0.01239	0.01363	0.01159	0.01286	0.01331	0.01428	0.01257	0.01299	0.01249	0.01237	0.01429	0.01322	0.0136	0.01163	0.0127	0.01327	0.01289	0.01161	0.01277	0.01227	0.01195	0.01109	0.01393	0.01304	0.01261	0.01317	0.01297	0.0142	0.01371	0.01311	0.01291	0.01389	0.01159	0.01251	0.01271	0.01314	0.01296	0.01191	0.01313	0.01286	0.01344	0.0124	0.01347	0.01339	0.01358	0.01367	0.01234	0.01257	0.01286	0.01322	0.01303	0.01178	0.01242	0.01335	0.01377	0.01478	0.01223	0.01223	0.0108	0.01322	0.01254	0.01178	0.0124	0.01215	0.01158	0.01346	0.01352	0.01323
badger	0.01132	0.0128	0.01296	0.01076	0.01167	0.01197	0.01256	0.01232	0.0	0.01229	0.01232	0.01317	0.01307	0.01024	0.01332	0.01246	0.01283	0.0139	0.01294	0.01168	0.01294	0.01377	0.0119	0.01375	0.01242	0.01281	0.01388	0.01364	0.01279	0.01321	0.0129	0.01394	0.01155	0.0112	0.01345	0.01198	0.01253	0.01258	0.01258	0.01215	0.01159	0.01324	0.01384	0.01262	0.01301	0.01329	0.01166	0.01269	0.01212	0.01317	0.01259	0.01067	0.01225	0.01312	0.01314	0.01088	0.01187	0.01306	0.01218	0.01282	0.01378	0.01336	0.01289	0.01317	0.01156	0.01207	0.01256	0.01232	0.01304	0.01149	0.01287	0.01296	0.01228	0.01312	0.01242	0.0131	0.0131	0.01257	0.01193	0.01367	0.01415	0.0119	0.01253	0.01195	0.0132	0.01248	0.01235	0.01189	0.01206	0.01243	0.01322	0.01171	0.01142	0.0113	0.01264	0.01227	0.01185	0.01175	0.01272	0.0133	0.0125	0.01273	0.01252	0.01191	0.01248	0.01318	0.01377	0.01289	0.01089	0.01199	0.01146	0.01329	0.01206	0.01369	0.0132	0.01213	0.01295	0.01128	0.01365	0.01271	0.01205	0.01293	0.01182	0.01468	0.01182	0.01263	0.01189	0.01364	0.01251	0.01153	0.01231	0.01225	0.01254	0.0125	0.01312	0.01291	0.013	0.01289	0.01372	0.01258	0.01288	0.01326	0.01275	0.0116	0.0106	0.01285	0.01221	0.0127	0.01259	0.01313	0.01255	0.01257	0.01266	0.01159	0.01292	0.01249	0.01212	0.01181	0.0119	0.01246	0.01289	0.01106	0.0132	0.01178	0.01233	0.01222	0.01173	0.01122	0.01176	0.01198	0.0131	0.0134	0.01138	0.01235	0.0129	0.01172	0.012	0.01397	0.01202	0.0123	0.01242	0.01177	0.01424	0.01346	0.01321	0.01205	0.01245	0.01184	0.01348	0.01189	0.01285	0.01297	0.01146	0.01208	0.01309	0.01218	0.01156	0.01246	0.01153	0.01344	0.01401	0.01248	0.01265	0.0134	0.01288	0.01241	0.01289	0.01256	0.01312	0.01202	0.01342	0.01387	0.01342	0.0122	0.01215	0.0133	0.01252	0.01296	0.01239	0.01298	0.01332	0.01313	0.01335	0.01235	0.01292	0.01313	0.01163	0.01386	0.01267	0.01167	0.0117	0.01317	0.01184	0.01216	0.01228	0.01233	0.0119	0.01299	0.01274	0.0111
barbel	0.01342	0.01246	0.01225	0.01246	0.01171	0.01292	0.0113	0.01281	0.01229	0.0	0.01231	0.01279	0.01341	0.01186	0.01324	0.0127	0.01327	0.01373	0.01205	0.01178	0.01335	0.01398	0.01204	0.01403	0.01279	0.01232	0.01362	0.01306	0.01326	0.01243	0.01224	0.01377	0.01275	0.01171	0.01259	0.01211	0.01185	0.01359	0.01295	0.01214	0.01169	0.01386	0.01382	0.01358	0.01358	0.01245	0.0119	0.01367	0.01223	0.01272	0.01358	0.0116	0.0131	0.01397	0.01371	0.01216	0.01236	0.01283	0.0127	0.01297	0.0126	0.01145	0.01363	0.01328	0.01215	0.01267	0.01275	0.01354	0.01409	0.01168	0.01349	0.0137	0.0132	0.01315	0.01236	0.01295	0.01433	0.01327	0.01166	0.0138	0.01399	0.01187	0.01244	0.01282	0.01326	0.01253	0.01209	0.01211	0.01327	0.01333	0.01372	0.01185	0.01248	0.01315	0.01386	0.01295	0.01258	0.01306	0.0128	0.01376	0.01285	0.0126	0.01246	0.01197	0.01308	0.0134	0.01367	0.01129	0.01235	0.01344	0.01189	0.01339	0.01131	0.01345	0.01272	0.013	0.01263	0.01254	0.01295	0.01309	0.01306	0.01225	0.01281	0.01484	0.01286	0.0126	0.01167	0.01359	0.01188	0.01233	0.01243	0.01221	0.0123	0.01175	0.01339	0.01302	0.01244	0.01307	0.01412	0.01386	0.01347	0.01364	0.01184	0.01297	0.01145	0.01196	0.01234	0.01275	0.01243	0.01402	0.01293	0.01328	0.01228	0.01251	0.01268	0.01396	0.01051	0.01197	0.01264	0.01295	0.01267	0.01254	0.01211	0.01274	0.01225	0.01246	0.0121	0.01216	0.01193	0.01226	0.01384	0.01357	0.01114	0.01329	0.01256	0.01198	0.01158	0.01425	0.0121	0.01348	0.01256	0.0125	0.0143	0.01292	0.01337	0.01201	0.01358	0.01261	0.01233	0.01128	0.0124	0.01274	0.01258	0.01265	0.01338	0.01312	0.01163	0.0128	0.01343	0.01317	0.01339	0.01251	0.01328	0.01318	0.01328	0.01333	0.01219	0.01326	0.01287	0.01189	0.01303	0.01277	0.0129	0.01341	0.01377	0.01439	0.01304	0.01328	0.01236	0.01268	0.01237	0.01279	0.01435	0.01295	0.01327	0.01242	0.01299	0.01409	0.0129	0.01158	0.01219	0.01232	0.01234	0.01183	0.01199	0.0125	0.01182	0.01345	0.01335	0.01218
barracuda	0.01167	0.00955	0.00997	0.01065	0.0127	0.01182	0.01151	0.01257	0.01232	0.01231	0.0	0.01236	0.0107	0.01312	0.01321	0.01115	0.01203	0.01317	0.01244	0.01047	0.01323	0.01349	0.00966	0.01286	0.01305	0.01345	0.01438	0.0125	0.01257	0.01146	0.01348	0.01356	0.01216	0.01235	0.01261	0.01158	0.01215	0.01055	0.01176	0.01061	0.01258	0.01137	0.01358	0.01295	0.01254	0.01139	0.0119	0.01166	0.01151	0.01245	0.01164	0.0108	0.01351	0.01277	0.01057	0.01295	0.01213	0.0121	0.01173	0.01219	0.01172	0.01102	0.01305	0.0122	0.0118	0.01285	0.01261	0.01076	0.01339	0.01225	0.01347	0.01251	0.01179	0.0129	0.01209	0.01261	0.01286	0.01263	0.01192	0.01282	0.01376	0.0123	0.01244	0.01071	0.01355	0.01291	0.01144	0.01063	0.01323	0.01213	0.01286	0.01173	0.01264	0.01243	0.0123	0.00994	0.01207	0.01394	0.01104	0.01392	0.01271	0.01302	0.01219	0.01169	0.01224	0.01244	0.01295	0.01203	0.01239	0.01341	0.0111	0.01213	0.01133	0.01265	0.01201	0.01274	0.01161	0.01297	0.01222	0.01137	0.01068	0.01195	0.01298	0.01425	0.01287	0.01215	0.01319	0.0134	0.01192	0.0123	0.01193	0.01045	0.01147	0.01187	0.01322	0.01207	0.01299	0.01234	0.01404	0.0135	0.01305	0.01279	0.01169	0.01229	0.01306	0.01126	0.01183	0.01091	0.01071	0.01317	0.01295	0.01296	0.01148	0.01202	0.01289	0.01218	0.01286	0.0116	0.01283	0.01332	0.01097	0.01255	0.01245	0.0107	0.01112	0.01303	0.01315	0.0119	0.01317	0.01053	0.01261	0.01238	0.01147	0.01252	0.01185	0.012	0.01201	0.01271	0.01249	0.01284	0.01135	0.01128	0.0141	0.01255	0.01365	0.01138	0.01209	0.01267	0.01173	0.01013	0.01154	0.01072	0.00951	0.01191	0.01263	0.01255	0.01119	0.01205	0.01047	0.01242	0.0132	0.01211	0.01241	0.01274	0.01206	0.01252	0.01206	0.01076	0.01166	0.01005	0.01276	0.01262	0.01296	0.01207	0.01258	0.01268	0.01289	0.01315	0.01156	0.01126	0.01307	0.01084	0.01334	0.01131	0.01209	0.01194	0.011	0.01477	0.01237	0.00959	0.01142	0.01179	0.01301	0.01028	0.01194	0.01156	0.01142	0.01347	0.01331	0.01257
bat	0.01243	0.01241	0.01272	0.01202	0.01368	0.01214	0.01256	0.0124	0.01317	0.01279	0.01236	0.0	0.01291	0.01323	0.013	0.01206	0.01216	0.01379	0.0124	0.01271	0.01301	0.01295	0.0124	0.0133	0.01348	0.01372	0.01432	0.01268	0.01296	0.01236	0.01348	0.01336	0.01365	0.01328	0.01305	0.01287	0.01264	0.01309	0.01262	0.0125	0.01299	0.01362	0.01336	0.01378	0.01283	0.01207	0.01298	0.01362	0.0119	0.01199	0.01319	0.01287	0.01282	0.01268	0.01342	0.01321	0.0128	0.0123	0.01276	0.01294	0.01216	0.01227	0.01259	0.01261	0.01324	0.01316	0.01343	0.01234	0.01336	0.01323	0.01354	0.01314	0.0118	0.0127	0.01304	0.01287	0.01198	0.01325	0.0124	0.01411	0.01419	0.013	0.0121	0.01277	0.0136	0.01329	0.01315	0.01163	0.01286	0.01374	0.01242	0.01236	0.01251	0.01301	0.01403	0.01284	0.01251	0.01398	0.01341	0.01366	0.01237	0.0131	0.01278	0.01218	0.01267	0.01347	0.01362	0.01324	0.0124	0.01318	0.01305	0.01282	0.01245	0.01304	0.01266	0.0131	0.01324	0.01265	0.01259	0.01264	0.01215	0.01247	0.0131	0.01351	0.01359	0.01259	0.0134	0.01354	0.01238	0.01341	0.01266	0.01211	0.01209	0.01236	0.01318	0.01257	0.01302	0.01344	0.01419	0.01317	0.01309	0.01316	0.01199	0.01217	0.01375	0.01155	0.0113	0.01223	0.01208	0.01272	0.01272	0.01313	0.01272	0.01344	0.01345	0.01312	0.01318	0.01249	0.0125	0.01353	0.01343	0.01318	0.01347	0.01299	0.01226	0.01344	0.01327	0.01172	0.01281	0.01267	0.01351	0.01298	0.01289	0.01316	0.01202	0.01232	0.01229	0.01346	0.01236	0.01261	0.01221	0.01249	0.01406	0.01302	0.01412	0.0115	0.01282	0.01264	0.01246	0.01264	0.01237	0.01263	0.0128	0.0123	0.01323	0.0133	0.01269	0.01316	0.01286	0.0133	0.01374	0.01256	0.01278	0.01294	0.01223	0.0123	0.01268	0.0129	0.01256	0.0132	0.01269	0.01251	0.01316	0.01262	0.01228	0.01373	0.01363	0.0136	0.01305	0.01193	0.01345	0.01307	0.01324	0.01316	0.0124	0.01272	0.01344	0.01433	0.01273	0.01277	0.01139	0.01204	0.01314	0.01262	0.01216	0.01278	0.01251	0.01276	0.01345	0.01314
bear	0.01235	0.01042	0.01066	0.01141	0.01271	0.01249	0.01237	0.01278	0.01307	0.01341	0.0107	0.01291	0.0	0.01394	0.01227	0.01219	0.01258	0.01237	0.01296	0.01122	0.01366	0.01346	0.01083	0.01322	0.01305	0.01426	0.01411	0.01348	0.01335	0.01255	0.01384	0.01359	0.01111	0.01308	0.01281	0.01263	0.0128	0.01145	0.01197	0.01163	0.0132	0.01161	0.01317	0.01224	0.01258	0.01238	0.0128	0.01047	0.01148	0.01227	0.01053	0.01284	0.01349	0.01307	0.01252	0.01378	0.0134	0.0106	0.0124	0.01241	0.01328	0.01229	0.01361	0.01296	0.01397	0.01303	0.01234	0.01119	0.01309	0.01335	0.01349	0.01387	0.01173	0.01247	0.01263	0.01248	0.01356	0.01356	0.01267	0.01223	0.01336	0.01247	0.01279	0.01066	0.01317	0.01247	0.0125	0.01167	0.01205	0.01039	0.01302	0.01251	0.01263	0.01273	0.012	0.01156	0.01266	0.01307	0.01185	0.01383	0.01296	0.01273	0.01336	0.01188	0.01249	0.01374	0.01401	0.01327	0.01241	0.01365	0.01238	0.01233	0.01194	0.0128	0.01224	0.01293	0.01348	0.01376	0.0126	0.01082	0.00975	0.01234	0.01364	0.01441	0.01301	0.0136	0.01345	0.013	0.01277	0.01274	0.01214	0.01219	0.01092	0.01208	0.01343	0.01249	0.0131	0.01301	0.01371	0.01331	0.01321	0.01246	0.01236	0.01281	0.01421	0.01138	0.01165	0.01246	0.01227	0.01309	0.01284	0.01268	0.01286	0.01286	0.01289	0.01202	0.01383	0.01239	0.01241	0.01345	0.01215	0.01198	0.01281	0.01194	0.01216	0.01367	0.01295	0.01219	0.01329	0.00913	0.01302	0.0125	0.01322	0.01344	0.01215	0.01281	0.01347	0.01381	0.01206	0.01283	0.01234	0.0125	0.01416	0.01254	0.0131	0.01198	0.01166	0.01318	0.0126	0.01142	0.0129	0.01028	0.0113	0.01256	0.01374	0.01162	0.01186	0.01239	0.01061	0.0138	0.0121	0.01225	0.01263	0.01314	0.01247	0.01324	0.01253	0.00806	0.01278	0.01221	0.01269	0.01279	0.01357	0.01281	0.01266	0.0123	0.01267	0.01357	0.01214	0.01179	0.01323	0.01107	0.01317	0.01206	0.01218	0.012	0.01042	0.01399	0.01269	0.01125	0.01218	0.0127	0.01318	0.01161	0.01217	0.01208	0.01254	0.01377	0.01352	0.01291
beaver	0.01337	0.01398	0.01371	0.01149	0.01205	0.01274	0.01341	0.0133	0.01024	0.01186	0.01312	0.01323	0.01394	0.0	0.01258	0.01343	0.0135	0.01345	0.01343	0.01212	0.01257	0.01453	0.01256	0.01416	0.01378	0.01117	0.01287	0.01348	0.01315	0.01345	0.01243	0.01377	0.01184	0.01166	0.01314	0.01351	0.01319	0.01348	0.01281	0.01251	0.01063	0.0142	0.01375	0.01326	0.01419	0.01371	0.01347	0.01375	0.01252	0.01304	0.01331	0.01184	0.01141	0.01315	0.01362	0.0109	0.01165	0.01275	0.01232	0.01376	0.0137	0.01314	0.01288	0.01354	0.01165	0.01315	0.01284	0.01398	0.01425	0.01037	0.01323	0.01291	0.01332	0.01367	0.01226	0.01322	0.01406	0.01161	0.013	0.01352	0.01443	0.01335	0.013	0.01287	0.01327	0.01283	0.01283	0.01258	0.01218	0.01254	0.01314	0.01265	0.01152	0.01261	0.01366	0.01347	0.01222	0.01244	0.01335	0.01326	0.01317	0.01294	0.01335	0.01214	0.01273	0.01398	0.01313	0.0134	0.01137	0.01302	0.01272	0.0133	0.01302	0.01347	0.01349	0.01285	0.01277	0.01121	0.01325	0.01315	0.01294	0.01323	0.01295	0.01473	0.01198	0.01215	0.01163	0.01328	0.01322	0.01122	0.01331	0.01289	0.01264	0.01224	0.01357	0.01433	0.01327	0.01339	0.01368	0.01345	0.01332	0.01378	0.01322	0.01221	0.00933	0.01304	0.01199	0.01363	0.01348	0.01409	0.01295	0.01277	0.0127	0.01211	0.01322	0.01285	0.01161	0.01168	0.01218	0.01153	0.01342	0.01168	0.01374	0.01396	0.01264	0.01227	0.01165	0.01126	0.0114	0.01285	0.0137	0.01398	0.01137	0.01247	0.01331	0.01165	0.01082	0.0138	0.01261	0.01319	0.01279	0.01353	0.01407	0.01309	0.01352	0.01252	0.01401	0.01199	0.01385	0.01326	0.01292	0.01397	0.01319	0.01322	0.01321	0.01288	0.01248	0.01374	0.01284	0.01407	0.01444	0.01234	0.01279	0.01425	0.01378	0.01305	0.013	0.01377	0.01306	0.0134	0.01339	0.01316	0.0131	0.01331	0.01301	0.0138	0.01204	0.01334	0.01281	0.01329	0.01362	0.01383	0.01395	0.0137	0.014	0.01279	0.01311	0.0137	0.01284	0.01294	0.01292	0.01302	0.01196	0.01403	0.01254	0.01267	0.01256	0.01262	0.01362	0.0104
bee	0.01268	0.01333	0.01268	0.0121	0.01322	0.012	0.01334	0.01314	0.01332	0.01324	0.01321	0.013	0.01227	0.01258	0.0	0.01271	0.01335	0.01284	0.01261	0.01241	0.01224	0.01372	0.01247	0.0134	0.01375	0.01387	0.01331	0.01148	0.01074	0.01254	0.01308	0.01357	0.01305	0.01329	0.01247	0.01388	0.01284	0.01374	0.01187	0.0121	0.01347	0.01342	0.01221	0.01381	0.01381	0.01221	0.01302	0.01366	0.01222	0.01317	0.01321	0.01296	0.01237	0.01188	0.01357	0.0132	0.01289	0.01197	0.01315	0.01341	0.01267	0.01246	0.01316	0.01177	0.01328	0.0129	0.01263	0.01339	0.01353	0.0132	0.01394	0.01318	0.01193	0.01304	0.01289	0.01213	0.01303	0.01306	0.01305	0.01282	0.0131	0.01343	0.01277	0.01269	0.0142	0.01315	0.01269	0.01225	0.01298	0.01313	0.01212	0.01278	0.01209	0.01308	0.01383	0.01307	0.01265	0.0129	0.01287	0.01323	0.0128	0.01297	0.01328	0.01239	0.01255	0.0137	0.01306	0.01348	0.01258	0.01307	0.01348	0.01302	0.01272	0.01237	0.01286	0.01342	0.01329	0.01249	0.01087	0.01226	0.01186	0.0125	0.01277	0.01434	0.01281	0.01266	0.01374	0.01216	0.01265	0.01264	0.01286	0.01251	0.0118	0.01233	0.01268	0.01286	0.01323	0.01325	0.01266	0.01309	0.01294	0.01255	0.01235	0.01214	0.01335	0.01181	0.01233	0.01292	0.01223	0.01286	0.01284	0.01246	0.01315	0.01355	0.01327	0.01292	0.01352	0.01184	0.01251	0.0132	0.01296	0.01331	0.01236	0.01348	0.0124	0.0128	0.01365	0.01199	0.01258	0.01249	0.0135	0.01329	0.01277	0.01385	0.0121	0.01257	0.01238	0.01351	0.01224	0.01246	0.01188	0.01318	0.01368	0.01285	0.01314	0.0127	0.0135	0.01232	0.01254	0.01291	0.01261	0.01315	0.01333	0.01303	0.01415	0.01379	0.01269	0.01288	0.01318	0.01352	0.01267	0.01199	0.01283	0.01441	0.01359	0.01293	0.01274	0.01273	0.01319	0.01347	0.01287	0.01196	0.0132	0.0127	0.01265	0.01228	0.01306	0.01352	0.01198	0.01142	0.01336	0.01208	0.01315	0.01396	0.01322	0.01247	0.01368	0.01457	0.0125	0.01316	0.01253	0.01199	0.01231	0.01369	0.01265	0.01236	0.0128	0.01283	0.0135	0.01192
beetle	0.01205	0.01155	0.01126	0.01037	0.01304	0.01148	0.01194	0.01246	0.01246	0.0127	0.01115	0.01206	0.01219	0.01343	0.01271	0.0	0.0115	0.01329	0.01266	0.01041	0.01235	0.01151	0.00999	0.0121	0.01288	0.01382	0.01404	0.01224	0.01258	0.01031	0.01331	0.01246	0.01391	0.01267	0.01249	0.01197	0.01144	0.01152	0.01179	0.01114	0.01245	0.01269	0.01358	0.01413	0.01205	0.01056	0.01175	0.01277	0.00941	0.0118	0.01359	0.01234	0.01268	0.01233	0.01238	0.01229	0.01269	0.01217	0.01203	0.01276	0.01147	0.01137	0.01283	0.01183	0.0124	0.01268	0.01219	0.01019	0.01287	0.01316	0.01325	0.01286	0.01071	0.01137	0.01225	0.01244	0.01315	0.01303	0.01048	0.01313	0.01354	0.01158	0.01243	0.01205	0.01373	0.01237	0.01225	0.00884	0.01243	0.01317	0.01168	0.01171	0.01207	0.01312	0.01373	0.01174	0.01186	0.01317	0.01194	0.01309	0.01211	0.0124	0.01202	0.01006	0.01179	0.01282	0.01403	0.01098	0.01188	0.01245	0.01204	0.01287	0.01151	0.01259	0.01213	0.01271	0.01275	0.01235	0.0119	0.01227	0.01096	0.01134	0.01282	0.01405	0.01315	0.01198	0.01287	0.01316	0.01124	0.01316	0.01072	0.01189	0.01118	0.01164	0.01247	0.01173	0.01297	0.01233	0.01369	0.01178	0.01246	0.01188	0.01098	0.01173	0.01296	0.01096	0.01229	0.01006	0.01063	0.01219	0.01226	0.0122	0.01217	0.01238	0.01288	0.01261	0.01303	0.0118	0.01169	0.01356	0.01229	0.01341	0.01249	0.01224	0.01127	0.0133	0.01186	0.01098	0.01223	0.01145	0.01259	0.01183	0.0119	0.01251	0.01191	0.0104	0.01163	0.0139	0.01193	0.01189	0.01118	0.01139	0.01445	0.01214	0.01313	0.01098	0.01173	0.01245	0.01103	0.01187	0.01085	0.01205	0.01178	0.01179	0.01352	0.01336	0.0122	0.01211	0.01095	0.01273	0.01304	0.01196	0.01233	0.01336	0.00952	0.01212	0.0115	0.01263	0.01117	0.01223	0.01248	0.01233	0.01214	0.01275	0.01233	0.01276	0.01297	0.0143	0.01224	0.01076	0.0127	0.0119	0.01309	0.01086	0.01031	0.01219	0.0131	0.01386	0.01191	0.01244	0.01057	0.01147	0.01294	0.012	0.01104	0.01216	0.0112	0.01307	0.01356	0.01273
bengal_tiger	0.0126	0.01266	0.01262	0.01229	0.013	0.01338	0.01132	0.01134	0.01283	0.01327	0.01203	0.01216	0.01258	0.0135	0.01335	0.0115	0.0	0.01292	0.01181	0.01241	0.01338	0.0126	0.01182	0.01357	0.01221	0.01411	0.01373	0.013	0.0135	0.01162	0.01298	0.01346	0.01376	0.01277	0.01345	0.01248	0.01189	0.01195	0.0119	0.01158	0.01276	0.01331	0.01304	0.01384	0.01257	0.01209	0.01177	0.01368	0.01129	0.01151	0.0132	0.01288	0.01336	0.01238	0.01307	0.01178	0.01323	0.01292	0.01259	0.012	0.01315	0.01214	0.01394	0.01363	0.01316	0.01179	0.01275	0.01055	0.01216	0.01304	0.01349	0.01327	0.01142	0.01188	0.01287	0.01278	0.01373	0.01363	0.01196	0.01354	0.01376	0.01134	0.01113	0.01255	0.01302	0.01239	0.01199	0.01179	0.0125	0.0143	0.01279	0.01106	0.01282	0.01254	0.0131	0.01268	0.01178	0.01274	0.01298	0.01323	0.01187	0.01228	0.01204	0.01128	0.01205	0.01377	0.01411	0.0132	0.01056	0.01293	0.01215	0.01332	0.01228	0.01293	0.01131	0.01193	0.01345	0.01356	0.01335	0.01273	0.01295	0.0118	0.01359	0.01483	0.01351	0.01357	0.01223	0.01331	0.01205	0.01322	0.012	0.01323	0.012	0.01152	0.01331	0.01279	0.01327	0.01248	0.01375	0.01139	0.01332	0.01295	0.01075	0.01235	0.01324	0.01239	0.0124	0.01229	0.01282	0.0121	0.01173	0.01335	0.01245	0.01291	0.01329	0.01295	0.01321	0.01206	0.01286	0.01399	0.01319	0.01316	0.0127	0.01187	0.01241	0.01301	0.0125	0.01101	0.01174	0.01268	0.0136	0.01313	0.01269	0.01334	0.01115	0.01255	0.01266	0.01392	0.0121	0.01224	0.01214	0.01195	0.01384	0.01308	0.01277	0.01069	0.01183	0.01351	0.01254	0.012	0.01227	0.01191	0.01265	0.01025	0.01361	0.01338	0.01281	0.01274	0.01224	0.01368	0.01354	0.01244	0.01239	0.01382	0.01105	0.01176	0.01309	0.01301	0.01228	0.01221	0.01275	0.01279	0.01274	0.01275	0.01301	0.01294	0.01402	0.01407	0.013	0.01104	0.01263	0.01325	0.01254	0.01189	0.01118	0.0127	0.01308	0.01394	0.01233	0.0127	0.01093	0.01269	0.01285	0.01199	0.01189	0.01245	0.01129	0.01278	0.01388	0.01272
biddy	0.0136	0.01343	0.0128	0.01353	0.01368	0.01323	0.01347	0.01385	0.0139	0.01373	0.01317	0.01379	0.01237	0.01345	0.01284	0.01329	0.01292	0.0	0.01329	0.01338	0.01256	0.01387	0.01312	0.01462	0.0145	0.01409	0.01367	0.0138	0.01333	0.01283	0.01355	0.01392	0.01369	0.0141	0.014	0.01448	0.01401	0.01333	0.01303	0.0129	0.01346	0.0136	0.01395	0.01411	0.01443	0.01317	0.0136	0.01376	0.01303	0.01335	0.01303	0.01344	0.01279	0.01247	0.01377	0.01425	0.01348	0.01353	0.01302	0.01378	0.01351	0.01338	0.01359	0.01305	0.0133	0.01389	0.01377	0.01289	0.01278	0.01302	0.014	0.01402	0.01293	0.01392	0.01326	0.01311	0.01417	0.01315	0.01337	0.01335	0.01353	0.01371	0.01323	0.01315	0.01303	0.01336	0.0133	0.01325	0.01276	0.0135	0.01336	0.01342	0.01235	0.01294	0.01271	0.01326	0.01294	0.0132	0.01373	0.01325	0.01321	0.01391	0.01397	0.01298	0.0126	0.01432	0.01319	0.01412	0.01332	0.01377	0.01382	0.01313	0.0133	0.01289	0.01306	0.01342	0.01347	0.0143	0.01341	0.0125	0.01295	0.01362	0.01418	0.01447	0.01337	0.01269	0.01369	0.01102	0.01373	0.0127	0.01404	0.01302	0.01227	0.01246	0.01381	0.01335	0.01343	0.01344	0.01217	0.01363	0.01297	0.01349	0.01307	0.01344	0.0139	0.01247	0.01349	0.01346	0.01362	0.01353	0.01325	0.01262	0.01334	0.01335	0.01328	0.01345	0.01451	0.01273	0.01336	0.0133	0.01372	0.01371	0.01372	0.01395	0.01252	0.01297	0.01371	0.01294	0.01341	0.01299	0.01425	0.01422	0.01372	0.01351	0.01279	0.01358	0.01349	0.01276	0.0135	0.01314	0.01259	0.01405	0.01245	0.01322	0.01367	0.01297	0.01381	0.01314	0.01362	0.0137	0.01332	0.01348	0.01301	0.01323	0.01472	0.01387	0.01336	0.01336	0.01344	0.01417	0.01394	0.01311	0.01269	0.01463	0.01409	0.01309	0.0134	0.01351	0.01336	0.01362	0.01322	0.01397	0.01357	0.01292	0.01324	0.01337	0.01265	0.01363	0.01337	0.01318	0.01414	0.01334	0.01348	0.01409	0.01407	0.01274	0.0139	0.01506	0.01379	0.01305	0.0134	0.01353	0.01359	0.01392	0.01306	0.01307	0.01308	0.01288	0.01473	0.0124
bison	0.01256	0.01236	0.01226	0.012	0.01209	0.01336	0.01099	0.01043	0.01294	0.01205	0.01244	0.0124	0.01296	0.01343	0.01261	0.01266	0.01181	0.01329	0.0	0.01203	0.0138	0.01341	0.01108	0.01396	0.01115	0.01411	0.01386	0.01247	0.01286	0.0122	0.01315	0.01363	0.01332	0.01214	0.01338	0.01177	0.01223	0.0128	0.01196	0.01053	0.01311	0.01292	0.01331	0.01448	0.01307	0.01246	0.01032	0.01427	0.01205	0.01261	0.01328	0.01068	0.01306	0.01308	0.01415	0.01253	0.01283	0.01241	0.01269	0.0115	0.01297	0.00981	0.01343	0.01392	0.01279	0.01197	0.01212	0.01272	0.01268	0.01319	0.01351	0.01418	0.01132	0.01298	0.01302	0.01251	0.01376	0.01366	0.01301	0.01365	0.01401	0.01123	0.01138	0.01297	0.01262	0.01266	0.01172	0.01244	0.01287	0.0141	0.01311	0.01067	0.01286	0.01311	0.01293	0.01325	0.0117	0.01319	0.01277	0.01403	0.01237	0.01297	0.01182	0.01194	0.01251	0.0141	0.01405	0.01158	0.01185	0.01275	0.01206	0.01344	0.01104	0.01279	0.00993	0.01278	0.01332	0.01363	0.01289	0.01189	0.01316	0.01211	0.01334	0.01492	0.01256	0.01302	0.01242	0.01323	0.01182	0.01286	0.01184	0.01249	0.01144	0.01145	0.01437	0.01357	0.01323	0.01225	0.0138	0.01346	0.01285	0.01378	0.00932	0.01271	0.01342	0.01117	0.01262	0.01249	0.01306	0.01269	0.0129	0.01356	0.01116	0.01362	0.01341	0.0133	0.01245	0.01198	0.01243	0.01373	0.01351	0.01312	0.00966	0.01184	0.01152	0.0135	0.01305	0.01135	0.01202	0.0131	0.0135	0.01264	0.01164	0.01312	0.0114	0.01278	0.01229	0.01426	0.01133	0.0133	0.01195	0.01231	0.01446	0.01333	0.013	0.01141	0.01328	0.01365	0.01168	0.01087	0.01242	0.01211	0.01171	0.01168	0.01406	0.01282	0.01195	0.01325	0.01339	0.01409	0.0129	0.01209	0.01233	0.01404	0.01315	0.01162	0.01265	0.0131	0.01295	0.0106	0.01209	0.01232	0.01349	0.01246	0.0138	0.01371	0.01402	0.01388	0.01184	0.01143	0.01211	0.01272	0.01339	0.01244	0.01324	0.0126	0.01374	0.01431	0.01239	0.01208	0.01098	0.0132	0.01246	0.01122	0.01214	0.01119	0.01079	0.01299	0.01342	0.01274
black_bear	0.01165	0.01159	0.01083	0.00987	0.01201	0.01205	0.01178	0.01234	0.01168	0.01178	0.01047	0.01271	0.01122	0.01212	0.01241	0.01041	0.01241	0.01338	0.01203	0.0	0.01252	0.01296	0.00932	0.01252	0.01234	0.01256	0.0134	0.01239	0.01254	0.0116	0.0125	0.0137	0.01238	0.01054	0.01239	0.01187	0.01188	0.01135	0.01146	0.01099	0.01189	0.0122	0.01305	0.01373	0.01326	0.01135	0.01136	0.01277	0.01074	0.01266	0.01239	0.0114	0.01216	0.01303	0.01219	0.01199	0.01188	0.01124	0.01204	0.01233	0.01235	0.01093	0.013	0.01258	0.0122	0.01288	0.01227	0.01204	0.01289	0.01172	0.01347	0.0134	0.01153	0.01188	0.01116	0.01165	0.01305	0.01257	0.01168	0.01307	0.01345	0.01121	0.01219	0.01031	0.01349	0.01288	0.01162	0.01027	0.01249	0.01178	0.01269	0.01174	0.0119	0.01286	0.01323	0.01137	0.01139	0.01329	0.01208	0.01377	0.01266	0.01214	0.01238	0.01113	0.01203	0.01272	0.01332	0.01158	0.01179	0.01292	0.01194	0.01325	0.0107	0.01252	0.01215	0.01257	0.01219	0.01172	0.01193	0.01176	0.01102	0.0119	0.01277	0.01451	0.01201	0.01272	0.01295	0.01323	0.01057	0.01146	0.0116	0.01117	0.01055	0.01171	0.01313	0.0124	0.0123	0.01224	0.01412	0.01301	0.01279	0.01291	0.01112	0.01152	0.01186	0.01089	0.01119	0.01056	0.01134	0.01309	0.01252	0.01244	0.0117	0.01139	0.01311	0.01222	0.01197	0.01115	0.01204	0.01265	0.01152	0.01229	0.01188	0.012	0.01077	0.01249	0.01203	0.0109	0.01225	0.01054	0.01305	0.01302	0.01097	0.01239	0.01212	0.01011	0.01111	0.01335	0.01107	0.01249	0.01114	0.01206	0.01447	0.01202	0.01301	0.01131	0.01225	0.01234	0.01174	0.01121	0.01205	0.01209	0.01095	0.01219	0.01309	0.01254	0.01148	0.01227	0.01022	0.01267	0.01285	0.01097	0.01181	0.01371	0.01259	0.01179	0.01206	0.01123	0.01085	0.01184	0.01219	0.01233	0.012	0.01266	0.01261	0.01325	0.01302	0.01354	0.01182	0.01031	0.01223	0.01179	0.01353	0.01084	0.01191	0.01187	0.01207	0.01416	0.01122	0.01155	0.01036	0.01202	0.01268	0.01172	0.01161	0.01175	0.01089	0.01359	0.01301	0.01189
blackbird	0.01183	0.01354	0.01288	0.01249	0.01366	0.01066	0.0136	0.01281	0.01294	0.01335	0.01323	0.01301	0.01366	0.01257	0.01224	0.01235	0.01338	0.01256	0.0138	0.01252	0.0	0.01352	0.01305	0.01335	0.01398	0.01336	0.01361	0.01232	0.01227	0.01219	0.01299	0.01304	0.01382	0.01324	0.01327	0.01404	0.01312	0.01386	0.01304	0.01292	0.01298	0.01355	0.01382	0.01428	0.01409	0.01222	0.0132	0.0143	0.01256	0.0134	0.01374	0.01349	0.01147	0.01101	0.01299	0.01353	0.01334	0.013	0.01341	0.01377	0.01278	0.01317	0.01152	0.0118	0.01215	0.01343	0.01361	0.0132	0.01401	0.01358	0.01326	0.01208	0.01216	0.01356	0.0115	0.01255	0.01273	0.01244	0.01318	0.01376	0.01267	0.01357	0.01309	0.01344	0.01357	0.01379	0.01317	0.0123	0.01232	0.01379	0.01233	0.01358	0.01195	0.0121	0.01355	0.01263	0.01243	0.01335	0.01351	0.01187	0.01321	0.01343	0.01396	0.01245	0.01151	0.01311	0.01307	0.01347	0.01232	0.01147	0.01369	0.01332	0.01288	0.01282	0.01354	0.01343	0.01282	0.01208	0.013	0.01308	0.0129	0.01312	0.01306	0.01329	0.01215	0.01142	0.01309	0.01294	0.01216	0.01324	0.01327	0.01263	0.01294	0.01215	0.01283	0.01323	0.01388	0.01398	0.01217	0.0127	0.01265	0.01298	0.01333	0.01154	0.01309	0.01229	0.01226	0.0127	0.01252	0.01279	0.01233	0.01176	0.01336	0.01188	0.01269	0.01313	0.01361	0.01246	0.01181	0.01263	0.01319	0.01313	0.01269	0.01337	0.01244	0.0136	0.01275	0.01204	0.01282	0.01329	0.01351	0.01378	0.01307	0.01359	0.01316	0.01262	0.01172	0.01308	0.01281	0.01072	0.01243	0.01347	0.01336	0.01253	0.01359	0.01268	0.01369	0.01097	0.01312	0.01337	0.0118	0.01367	0.01259	0.01231	0.01369	0.01378	0.01257	0.01296	0.01305	0.01229	0.01296	0.01255	0.013	0.01437	0.01315	0.01327	0.01286	0.01399	0.01244	0.01355	0.01329	0.01352	0.01271	0.01259	0.0115	0.01279	0.01222	0.01329	0.01337	0.01244	0.013	0.01336	0.01304	0.01328	0.01335	0.01325	0.01413	0.01449	0.01259	0.013	0.01275	0.01263	0.01235	0.01403	0.01324	0.01327	0.01285	0.01187	0.01324	0.01191
blindworm	0.0131	0.01341	0.0133	0.01285	0.01409	0.01283	0.01245	0.01379	0.01377	0.01398	0.01349	0.01295	0.01346	0.01453	0.01372	0.01151	0.0126	0.01387	0.01341	0.01296	0.01352	0.0	0.01297	0.01364	0.01279	0.0142	0.01431	0.01378	0.01319	0.01288	0.01333	0.01353	0.01433	0.01353	0.01323	0.01257	0.0121	0.01266	0.01179	0.01296	0.01339	0.01235	0.01302	0.01448	0.01252	0.01285	0.01305	0.01372	0.01221	0.01327	0.01333	0.01392	0.01358	0.01246	0.01328	0.01329	0.01364	0.0135	0.01391	0.01349	0.0138	0.01373	0.01396	0.01346	0.0138	0.01276	0.01336	0.01182	0.01374	0.014	0.01359	0.01405	0.01328	0.01252	0.01391	0.01342	0.01335	0.01425	0.01152	0.01309	0.01291	0.01202	0.01309	0.01286	0.01377	0.01384	0.01288	0.01201	0.0131	0.01401	0.01291	0.01295	0.01387	0.01412	0.01404	0.01329	0.013	0.01327	0.01319	0.01375	0.01322	0.01362	0.01268	0.0124	0.0126	0.01382	0.01427	0.01266	0.01254	0.01276	0.01313	0.01382	0.01347	0.01365	0.01342	0.01268	0.01378	0.01331	0.01329	0.01346	0.01262	0.01198	0.01354	0.01368	0.01403	0.0137	0.01327	0.01341	0.01267	0.01385	0.01247	0.01358	0.01297	0.01284	0.0137	0.01329	0.01382	0.01271	0.01336	0.01297	0.01297	0.01292	0.01281	0.01293	0.01376	0.01345	0.01374	0.01263	0.01324	0.01306	0.01305	0.0137	0.01361	0.01354	0.01387	0.01318	0.01359	0.01327	0.01289	0.01386	0.01333	0.01366	0.01335	0.01306	0.01337	0.01455	0.0135	0.01321	0.01297	0.01344	0.014	0.01291	0.01331	0.01369	0.01351	0.01273	0.01296	0.01414	0.01338	0.01333	0.01319	0.0128	0.01427	0.01372	0.01158	0.01277	0.01214	0.01323	0.01273	0.01307	0.01352	0.01284	0.01361	0.01279	0.01399	0.01324	0.01353	0.01328	0.01278	0.01306	0.01353	0.01318	0.01369	0.01397	0.01234	0.01282	0.0134	0.01318	0.01295	0.01341	0.01336	0.01313	0.01334	0.0131	0.01293	0.01293	0.01431	0.01379	0.01364	0.01271	0.01343	0.01361	0.01296	0.01181	0.01182	0.0135	0.0136	0.01363	0.01302	0.01399	0.0125	0.01286	0.01402	0.01336	0.01332	0.01378	0.01293	0.01373	0.01366	0.01305
blue_whale	0.01161	0.01146	0.01094	0.00986	0.0121	0.01177	0.01073	0.01209	0.0119	0.01204	0.00966	0.0124	0.01083	0.01256	0.01247	0.00999	0.01182	0.01312	0.01108	0.00932	0.01305	0.01297	0.0	0.0129	0.0114	0.01329	0.01372	0.0125	0.01275	0.01124	0.01327	0.01343	0.01253	0.01143	0.01225	0.01186	0.01202	0.0111	0.01147	0.01011	0.01168	0.01208	0.01374	0.01368	0.01233	0.01144	0.01034	0.01221	0.0104	0.01218	0.01247	0.01083	0.01233	0.01232	0.01219	0.01211	0.01162	0.01139	0.01176	0.011	0.01218	0.01019	0.01249	0.01213	0.01199	0.01136	0.0117	0.01143	0.01258	0.01203	0.01287	0.01279	0.01068	0.01241	0.01125	0.01204	0.01287	0.01304	0.01157	0.01272	0.01327	0.0106	0.01201	0.01068	0.01323	0.01204	0.0111	0.00985	0.01178	0.01248	0.01199	0.0108	0.01167	0.01278	0.01301	0.01142	0.01161	0.01258	0.01163	0.01377	0.01239	0.01182	0.01198	0.01072	0.01182	0.01214	0.01402	0.01145	0.01193	0.01245	0.01129	0.01278	0.0103	0.0128	0.01165	0.01293	0.01193	0.01202	0.01207	0.01163	0.01102	0.01169	0.01262	0.0144	0.01233	0.01171	0.01274	0.01259	0.01152	0.01234	0.01056	0.01056	0.01038	0.0111	0.01351	0.01226	0.01251	0.01305	0.01345	0.01253	0.01187	0.01267	0.01024	0.01201	0.01291	0.01055	0.01139	0.01069	0.01078	0.0124	0.01287	0.0117	0.0108	0.01165	0.01225	0.01172	0.01197	0.01086	0.01164	0.01337	0.01071	0.01258	0.01185	0.01186	0.01084	0.01281	0.01239	0.01164	0.01264	0.01098	0.01177	0.01181	0.0112	0.01221	0.01151	0.01157	0.01159	0.01395	0.01049	0.01238	0.0108	0.01109	0.01391	0.01167	0.01347	0.01112	0.01178	0.01275	0.01113	0.01081	0.01126	0.01166	0.01046	0.01128	0.01343	0.01244	0.01129	0.01196	0.01067	0.01328	0.01261	0.01205	0.01179	0.01309	0.01172	0.01195	0.01119	0.0115	0.01186	0.011	0.01137	0.01226	0.01251	0.01161	0.01229	0.01311	0.01229	0.0136	0.01119	0.01073	0.01208	0.01146	0.01352	0.01062	0.01194	0.01146	0.01279	0.01408	0.0118	0.01075	0.01126	0.01214	0.01305	0.01091	0.01079	0.01097	0.01031	0.01318	0.01263	0.01201
boa	0.01336	0.01303	0.01337	0.0128	0.01362	0.0131	0.01299	0.01341	0.01375	0.01403	0.01286	0.0133	0.01322	0.01416	0.0134	0.0121	0.01357	0.01462	0.01396	0.01252	0.01335	0.01364	0.0129	0.0	0.01342	0.01436	0.01486	0.01409	0.01376	0.01215	0.01427	0.01347	0.01381	0.01292	0.01328	0.01304	0.0131	0.01319	0.01338	0.01333	0.01335	0.01267	0.01444	0.01423	0.01253	0.01241	0.01301	0.01343	0.01245	0.01375	0.01413	0.01334	0.01333	0.01379	0.01363	0.01297	0.01358	0.0137	0.0135	0.01403	0.01332	0.01336	0.01296	0.0128	0.0136	0.01297	0.01371	0.01304	0.01379	0.01401	0.01392	0.01406	0.0128	0.01326	0.01257	0.01367	0.01389	0.01351	0.01301	0.01377	0.01429	0.01225	0.01336	0.01274	0.01409	0.01419	0.01327	0.01209	0.01327	0.01392	0.01303	0.01334	0.01332	0.01363	0.01465	0.01274	0.01382	0.01392	0.01287	0.0137	0.0139	0.01398	0.01304	0.01298	0.01359	0.01372	0.01361	0.01385	0.01378	0.01335	0.01347	0.01337	0.01306	0.01407	0.0134	0.01369	0.01327	0.01331	0.01309	0.01312	0.01313	0.0132	0.0136	0.01474	0.01405	0.01291	0.01394	0.01394	0.01256	0.01379	0.01284	0.01302	0.01346	0.01312	0.01368	0.0133	0.01393	0.01408	0.01384	0.01315	0.01387	0.01325	0.01314	0.01271	0.01345	0.0121	0.01325	0.01199	0.01266	0.01286	0.0134	0.01333	0.01365	0.01244	0.01354	0.014	0.01375	0.0131	0.0134	0.01404	0.01326	0.01387	0.01247	0.01309	0.01282	0.01331	0.0124	0.01239	0.01362	0.01344	0.01304	0.01275	0.01295	0.01354	0.01309	0.01235	0.01307	0.01428	0.01312	0.01298	0.01296	0.01309	0.014	0.01347	0.01426	0.01316	0.01339	0.01389	0.01325	0.01295	0.01374	0.01314	0.01262	0.01291	0.01353	0.01391	0.01364	0.01317	0.01322	0.01329	0.0143	0.01338	0.01334	0.01381	0.0122	0.01357	0.01323	0.01337	0.01345	0.01356	0.0138	0.01396	0.01402	0.01346	0.01279	0.01342	0.01337	0.01411	0.01289	0.01277	0.01314	0.01263	0.01389	0.01179	0.0125	0.01396	0.01382	0.01425	0.01256	0.01327	0.01281	0.01369	0.01324	0.01363	0.01326	0.01272	0.01331	0.0138	0.01375	0.01409
bonobo	0.01233	0.01323	0.01316	0.01241	0.01265	0.01306	0.01078	0.01186	0.01242	0.01279	0.01305	0.01348	0.01305	0.01378	0.01375	0.01288	0.01221	0.0145	0.01115	0.01234	0.01398	0.01279	0.0114	0.01342	0.0	0.01275	0.01439	0.01337	0.01341	0.01251	0.01312	0.01364	0.01366	0.01195	0.01304	0.01238	0.01225	0.01212	0.0128	0.01193	0.0126	0.01254	0.01379	0.01361	0.01301	0.01311	0.0096	0.01333	0.01252	0.0135	0.01327	0.01191	0.01388	0.01334	0.01335	0.01198	0.01365	0.01332	0.01323	0.01153	0.01376	0.01207	0.01351	0.01383	0.01361	0.01101	0.01297	0.01287	0.01345	0.01295	0.01253	0.0136	0.0122	0.01341	0.01291	0.01346	0.01393	0.014	0.01308	0.01403	0.01412	0.01148	0.01324	0.01244	0.01348	0.01306	0.01167	0.01281	0.01286	0.01386	0.01258	0.01157	0.01349	0.01365	0.01364	0.01234	0.01211	0.01343	0.01292	0.014	0.0132	0.01266	0.01255	0.01251	0.01268	0.01332	0.01488	0.0128	0.01183	0.01251	0.01272	0.0132	0.01176	0.0137	0.01319	0.01308	0.01344	0.01307	0.0133	0.01342	0.01338	0.01249	0.01177	0.014	0.01331	0.01401	0.01265	0.01417	0.01174	0.01343	0.0115	0.01236	0.01288	0.01219	0.01425	0.01388	0.01355	0.01353	0.0139	0.01275	0.01303	0.01315	0.01083	0.0125	0.0129	0.01323	0.01354	0.0125	0.01327	0.01287	0.01312	0.01346	0.012	0.01318	0.01379	0.01313	0.01178	0.01333	0.01308	0.01428	0.01292	0.01332	0.01046	0.01217	0.01323	0.01371	0.01271	0.01282	0.01274	0.01318	0.0127	0.01258	0.01238	0.01301	0.01325	0.0132	0.0138	0.01459	0.01129	0.01314	0.01308	0.01154	0.01425	0.01311	0.01347	0.01333	0.01228	0.01354	0.01293	0.01185	0.013	0.01257	0.01255	0.01187	0.01384	0.01337	0.01277	0.0133	0.01315	0.01327	0.01335	0.01332	0.01321	0.01325	0.01269	0.01287	0.0122	0.01311	0.01341	0.01243	0.01293	0.0134	0.01402	0.01271	0.01357	0.0133	0.01388	0.01358	0.01261	0.01324	0.01253	0.01321	0.01323	0.01157	0.01297	0.01288	0.01365	0.01294	0.0117	0.01309	0.01177	0.01354	0.01341	0.01211	0.01246	0.01214	0.01135	0.01373	0.01326	0.01331
buffalo	0.01368	0.01449	0.01443	0.01305	0.01333	0.01427	0.01269	0.01396	0.01281	0.01232	0.01345	0.01372	0.01426	0.01117	0.01387	0.01382	0.01411	0.01409	0.01411	0.01256	0.01336	0.0142	0.01329	0.01436	0.01275	0.0	0.01295	0.01432	0.01409	0.01389	0.01291	0.0143	0.01348	0.01239	0.01389	0.01423	0.01409	0.0143	0.01389	0.01321	0.01195	0.0143	0.01465	0.01295	0.01467	0.01423	0.01317	0.01435	0.01396	0.01485	0.01401	0.01314	0.01249	0.01421	0.01374	0.01179	0.01338	0.01283	0.01412	0.01367	0.01419	0.01333	0.01348	0.01431	0.01282	0.01382	0.01401	0.01439	0.01439	0.01111	0.01343	0.01406	0.01425	0.01414	0.0127	0.01333	0.01432	0.0122	0.01408	0.01468	0.01474	0.01367	0.01443	0.0131	0.01396	0.01358	0.01317	0.0135	0.01274	0.0133	0.01387	0.01376	0.0126	0.01386	0.01474	0.01377	0.01358	0.01317	0.01455	0.01386	0.01446	0.01298	0.01441	0.01415	0.01376	0.01387	0.01336	0.01395	0.01358	0.01419	0.01407	0.01376	0.01302	0.01453	0.01417	0.01388	0.01294	0.0121	0.01442	0.0141	0.01388	0.01404	0.01289	0.01453	0.013	0.01354	0.01342	0.01452	0.0134	0.01301	0.01408	0.01227	0.01325	0.01304	0.0146	0.0145	0.01328	0.01396	0.01456	0.01415	0.01418	0.01425	0.0134	0.0136	0.01095	0.01365	0.01302	0.01408	0.01369	0.01398	0.01405	0.01328	0.01364	0.01295	0.01398	0.01417	0.01084	0.01369	0.01267	0.01238	0.01385	0.0131	0.01396	0.01408	0.01343	0.01343	0.013	0.01357	0.01253	0.01343	0.01407	0.01443	0.01253	0.01334	0.01427	0.01236	0.01233	0.01376	0.01349	0.01409	0.01408	0.01334	0.01471	0.01314	0.01376	0.01376	0.01445	0.0124	0.0139	0.01387	0.01344	0.0146	0.01352	0.01363	0.01415	0.01371	0.01361	0.0144	0.01364	0.01422	0.01453	0.01334	0.0139	0.01438	0.01477	0.01392	0.0132	0.01414	0.01276	0.01415	0.014	0.01406	0.01348	0.01299	0.01398	0.01442	0.01321	0.01366	0.01388	0.0144	0.01366	0.01469	0.01472	0.01403	0.01407	0.01255	0.01378	0.01419	0.01361	0.01359	0.01363	0.01421	0.01397	0.0141	0.01272	0.01416	0.01376	0.01365	0.01383	0.01234
bullock	0.01459	0.0145	0.01402	0.01358	0.01346	0.0146	0.01411	0.01416	0.01388	0.01362	0.01438	0.01432	0.01411	0.01287	0.01331	0.01404	0.01373	0.01367	0.01386	0.0134	0.01361	0.01431	0.01372	0.01486	0.01439	0.01295	0.0	0.01402	0.01434	0.01393	0.01189	0.01402	0.01382	0.0141	0.0139	0.01446	0.01393	0.0138	0.01418	0.01334	0.0136	0.01475	0.01486	0.01503	0.01493	0.0141	0.01412	0.0149	0.01394	0.01364	0.01404	0.01424	0.01281	0.01378	0.01455	0.01359	0.0142	0.01309	0.01304	0.01406	0.0139	0.01365	0.01355	0.01505	0.01295	0.01411	0.01314	0.01405	0.01436	0.01325	0.01363	0.01415	0.01413	0.01405	0.01401	0.01388	0.01482	0.01209	0.0145	0.01423	0.01413	0.01392	0.01406	0.01456	0.01293	0.01326	0.01423	0.01341	0.01355	0.01389	0.01423	0.01401	0.01343	0.01443	0.0124	0.01454	0.01303	0.01201	0.01497	0.01233	0.01416	0.01332	0.01405	0.01345	0.01384	0.01385	0.013	0.01368	0.01379	0.0145	0.01438	0.0136	0.01395	0.01408	0.01359	0.0134	0.01392	0.01366	0.01418	0.0142	0.01409	0.01406	0.01455	0.01371	0.01253	0.01342	0.01341	0.01347	0.01392	0.01339	0.01368	0.01441	0.01301	0.01301	0.01447	0.01435	0.01277	0.01328	0.01306	0.01433	0.01467	0.01531	0.01346	0.0139	0.01362	0.01367	0.01339	0.01443	0.0144	0.01467	0.01374	0.01245	0.01375	0.01388	0.01398	0.0148	0.01371	0.01314	0.0133	0.01211	0.01462	0.01426	0.01452	0.01464	0.01305	0.01325	0.01391	0.01379	0.01342	0.01406	0.01486	0.01485	0.01356	0.0133	0.01386	0.01304	0.01354	0.01281	0.01387	0.0134	0.01396	0.01467	0.01329	0.0134	0.01367	0.01357	0.01516	0.01352	0.01401	0.01457	0.01373	0.01486	0.01441	0.01396	0.01445	0.01484	0.01466	0.01439	0.0143	0.01418	0.01483	0.01409	0.01405	0.01489	0.01483	0.01339	0.01383	0.01465	0.0131	0.01456	0.01289	0.01437	0.01247	0.01359	0.01377	0.01426	0.01289	0.01319	0.01412	0.01415	0.01388	0.01437	0.0148	0.01486	0.01428	0.01295	0.01427	0.01509	0.01404	0.01416	0.01382	0.0144	0.01377	0.01418	0.0131	0.01389	0.01345	0.01139	0.01457	0.01193
bumblebee	0.01246	0.01238	0.01176	0.01283	0.01261	0.01167	0.01296	0.01281	0.01364	0.01306	0.0125	0.01268	0.01348	0.01348	0.01148	0.01224	0.013	0.0138	0.01247	0.01239	0.01232	0.01378	0.0125	0.01409	0.01337	0.01432	0.01402	0.0	0.01122	0.01128	0.01286	0.01271	0.014	0.01319	0.01254	0.01336	0.01248	0.01292	0.01254	0.01187	0.01371	0.01311	0.01266	0.01419	0.01319	0.01089	0.01264	0.01402	0.0123	0.01261	0.01375	0.01228	0.01284	0.01241	0.01285	0.01375	0.01313	0.0127	0.01344	0.01326	0.01101	0.01174	0.01342	0.01259	0.01275	0.01286	0.01282	0.01332	0.01385	0.01277	0.01375	0.01244	0.01251	0.01329	0.01287	0.01244	0.0123	0.01333	0.01302	0.01306	0.01308	0.013	0.01262	0.01296	0.01438	0.01328	0.01239	0.01232	0.01344	0.01452	0.01222	0.01151	0.01281	0.01372	0.01274	0.01172	0.01203	0.01399	0.01207	0.01369	0.01255	0.01285	0.01302	0.01212	0.01184	0.01279	0.01332	0.01181	0.013	0.01269	0.01339	0.01248	0.01273	0.0117	0.01195	0.01292	0.01209	0.01295	0.01179	0.01284	0.01279	0.01161	0.01248	0.01341	0.01307	0.01215	0.0133	0.01277	0.01191	0.01338	0.01304	0.01249	0.01252	0.01269	0.01329	0.01215	0.01338	0.01259	0.01361	0.01335	0.01339	0.01302	0.0123	0.01218	0.01413	0.01207	0.01224	0.01282	0.01106	0.01339	0.01272	0.01373	0.01254	0.01331	0.01302	0.01287	0.01286	0.01204	0.01283	0.01327	0.01259	0.01369	0.01225	0.01343	0.01217	0.01258	0.01316	0.01178	0.01266	0.01278	0.01303	0.01334	0.01226	0.0123	0.01201	0.01281	0.01176	0.01344	0.01289	0.01266	0.01211	0.01272	0.01369	0.01273	0.01351	0.01217	0.01347	0.01198	0.01211	0.01259	0.01174	0.01306	0.01295	0.01275	0.0139	0.01402	0.01249	0.01333	0.01366	0.01201	0.01301	0.01206	0.01268	0.01402	0.01326	0.01239	0.01296	0.01329	0.01192	0.01251	0.01255	0.01279	0.01198	0.01332	0.01272	0.01268	0.01346	0.01385	0.01233	0.01095	0.01273	0.01198	0.01347	0.01285	0.01312	0.01335	0.01384	0.01446	0.01192	0.01289	0.01191	0.01115	0.01239	0.01288	0.01312	0.01266	0.01167	0.01326	0.01349	0.01288
butterfly	0.01178	0.01202	0.01233	0.01277	0.01354	0.01038	0.01305	0.0132	0.01279	0.01326	0.01257	0.01296	0.01335	0.01315	0.01074	0.01258	0.0135	0.01333	0.01286	0.01254	0.01227	0.01319	0.01275	0.01376	0.01341	0.01409	0.01434	0.01122	0.0	0.0126	0.01386	0.01375	0.01378	0.01334	0.01133	0.01323	0.01139	0.01261	0.01161	0.01201	0.0136	0.01331	0.01095	0.01371	0.0127	0.01099	0.01275	0.01292	0.01283	0.01279	0.01291	0.01305	0.01302	0.01194	0.01247	0.01299	0.01352	0.0134	0.01302	0.01376	0.01094	0.013	0.01368	0.01211	0.01304	0.01252	0.01257	0.01254	0.01389	0.01357	0.01367	0.01286	0.0129	0.0129	0.01302	0.01305	0.01239	0.01331	0.01278	0.01272	0.0126	0.01305	0.01307	0.01305	0.01431	0.01359	0.01273	0.01228	0.01324	0.01372	0.01169	0.01274	0.01309	0.01292	0.01339	0.01184	0.01274	0.01377	0.01115	0.01357	0.01261	0.01323	0.01327	0.01278	0.01198	0.01262	0.01444	0.01209	0.01244	0.01196	0.01268	0.01308	0.01335	0.01185	0.01283	0.01334	0.01268	0.0121	0.01057	0.0133	0.01184	0.01085	0.01213	0.01314	0.01292	0.01237	0.01374	0.01217	0.01229	0.01296	0.01298	0.01239	0.01274	0.01296	0.01156	0.01211	0.01369	0.01335	0.01346	0.01307	0.01207	0.0118	0.01241	0.01283	0.01374	0.01314	0.013	0.01328	0.01037	0.0131	0.01329	0.01329	0.01293	0.013	0.01378	0.01267	0.01306	0.01273	0.01327	0.01382	0.01253	0.01369	0.01288	0.01241	0.01283	0.01405	0.01343	0.01219	0.01273	0.01287	0.01317	0.01311	0.0129	0.01229	0.01279	0.01224	0.01257	0.01373	0.01258	0.01256	0.01243	0.01239	0.01415	0.01394	0.01356	0.01275	0.01303	0.01165	0.01192	0.01269	0.01237	0.01215	0.01302	0.01257	0.01352	0.01359	0.01217	0.0123	0.01287	0.0125	0.01215	0.01265	0.01303	0.01287	0.01329	0.01303	0.01319	0.01283	0.01204	0.01292	0.01371	0.01161	0.01293	0.01294	0.01267	0.01175	0.01326	0.01346	0.01314	0.01077	0.01352	0.01143	0.01351	0.0128	0.01221	0.01362	0.01324	0.01419	0.01268	0.01286	0.01206	0.01045	0.01258	0.01198	0.01351	0.01325	0.01259	0.01334	0.01317	0.01241
caiman	0.01307	0.01139	0.01062	0.01159	0.01324	0.01217	0.01175	0.0124	0.01321	0.01243	0.01146	0.01236	0.01255	0.01345	0.01254	0.01031	0.01162	0.01283	0.0122	0.0116	0.01219	0.01288	0.01124	0.01215	0.01251	0.01389	0.01393	0.01128	0.0126	0.0	0.01319	0.01273	0.014	0.01298	0.01241	0.01301	0.01211	0.01252	0.01286	0.01171	0.01332	0.01245	0.01338	0.0143	0.01246	0.0102	0.01152	0.01371	0.01072	0.01192	0.01373	0.01171	0.01303	0.01282	0.01185	0.01277	0.01284	0.01239	0.01264	0.01204	0.01076	0.01081	0.0132	0.01179	0.01172	0.01262	0.01267	0.01196	0.01314	0.01294	0.01367	0.01305	0.01173	0.01242	0.01237	0.01228	0.01323	0.01287	0.01176	0.01352	0.01323	0.0124	0.01179	0.01219	0.01371	0.01366	0.01099	0.01002	0.01349	0.01387	0.012	0.01115	0.01278	0.01373	0.01371	0.01124	0.0116	0.01296	0.01188	0.01333	0.01157	0.01239	0.01233	0.0109	0.01239	0.01244	0.01318	0.01179	0.01204	0.013	0.01305	0.01218	0.01157	0.01139	0.01166	0.0129	0.01205	0.01318	0.01187	0.01165	0.012	0.01145	0.013	0.01381	0.01323	0.01147	0.0132	0.01308	0.01155	0.01284	0.01173	0.01128	0.01202	0.01177	0.01304	0.01218	0.01319	0.0131	0.0138	0.01341	0.01267	0.01281	0.01097	0.01172	0.01344	0.01068	0.01227	0.01133	0.01085	0.01245	0.01329	0.01204	0.01258	0.01255	0.01244	0.01324	0.01308	0.01145	0.01267	0.01371	0.01201	0.01349	0.01106	0.01325	0.01189	0.01272	0.01156	0.01135	0.01315	0.0119	0.01279	0.0123	0.01213	0.0126	0.01147	0.01194	0.01172	0.01305	0.01231	0.01245	0.01125	0.01114	0.01321	0.01278	0.01346	0.01128	0.013	0.01241	0.01094	0.01239	0.01115	0.01176	0.01179	0.01088	0.0136	0.0132	0.01262	0.01293	0.01178	0.01214	0.01304	0.01165	0.01199	0.01351	0.0107	0.01195	0.01204	0.01281	0.01118	0.0121	0.01259	0.01274	0.01181	0.01286	0.01274	0.01282	0.01277	0.01336	0.01184	0.01048	0.01288	0.01126	0.01366	0.01179	0.0115	0.01277	0.01393	0.01465	0.01254	0.0129	0.01151	0.01205	0.01252	0.01276	0.01188	0.01194	0.01084	0.01312	0.01368	0.01273
camel	0.01295	0.01385	0.01374	0.01294	0.01211	0.01331	0.01261	0.0137	0.0129	0.01224	0.01348	0.01348	0.01384	0.01243	0.01308	0.01331	0.01298	0.01355	0.01315	0.0125	0.01299	0.01333	0.01327	0.01427	0.01312	0.01291	0.01189	0.01286	0.01386	0.01319	0.0	0.0137	0.0136	0.01313	0.01267	0.0139	0.01351	0.01374	0.01298	0.013	0.01258	0.01426	0.01409	0.01407	0.01474	0.01282	0.01209	0.01461	0.01279	0.01326	0.01415	0.01295	0.01247	0.01322	0.01341	0.0118	0.01328	0.01235	0.01259	0.01307	0.0135	0.01281	0.01338	0.0141	0.01247	0.01228	0.01376	0.01413	0.01328	0.01272	0.01275	0.01359	0.01289	0.01369	0.01361	0.01286	0.01353	0.01371	0.01331	0.01384	0.01376	0.01262	0.01257	0.01299	0.01355	0.01172	0.0123	0.0125	0.01333	0.01366	0.01278	0.01305	0.01242	0.0139	0.01395	0.01372	0.01227	0.01311	0.01364	0.01414	0.01381	0.01031	0.01319	0.01264	0.01352	0.01339	0.01344	0.01363	0.01248	0.01378	0.01336	0.0131	0.01169	0.0131	0.0131	0.01351	0.01328	0.01313	0.0131	0.01332	0.01319	0.01344	0.01354	0.01432	0.01306	0.01351	0.01352	0.0134	0.01276	0.01236	0.01264	0.01301	0.01185	0.01236	0.01382	0.01346	0.01042	0.0137	0.01302	0.01403	0.01412	0.01405	0.01247	0.01254	0.01212	0.01231	0.01269	0.01402	0.01339	0.01383	0.01294	0.01283	0.01256	0.01355	0.01421	0.01374	0.01233	0.01161	0.01232	0.01273	0.01367	0.0135	0.01329	0.01398	0.0116	0.01174	0.01284	0.01283	0.01253	0.01324	0.01356	0.01326	0.01218	0.01261	0.01298	0.01191	0.01159	0.01338	0.01255	0.01296	0.01227	0.0131	0.01425	0.01219	0.0134	0.01241	0.01417	0.01312	0.01337	0.01345	0.01339	0.01418	0.01336	0.01266	0.01375	0.01397	0.01303	0.01347	0.01377	0.01271	0.01335	0.01249	0.01253	0.01387	0.01383	0.01235	0.01302	0.01344	0.01273	0.01373	0.01135	0.01425	0.01274	0.01302	0.01315	0.01426	0.01371	0.01331	0.01314	0.01307	0.01131	0.01405	0.01349	0.01354	0.01392	0.01139	0.01385	0.01408	0.01259	0.01326	0.01316	0.01292	0.01304	0.01347	0.01139	0.0132	0.01233	0.01347	0.01295	0.0122
canary	0.01284	0.0138	0.01265	0.01321	0.01338	0.01361	0.01341	0.01362	0.01394	0.01377	0.01356	0.01336	0.01359	0.01377	0.01357	0.01246	0.01346	0.01392	0.01363	0.0137	0.01304	0.01353	0.01343	0.01347	0.01364	0.0143	0.01402	0.01271	0.01375	0.01273	0.0137	0.0	0.01365	0.01414	0.01404	0.01346	0.01352	0.01346	0.0135	0.01342	0.01335	0.0136	0.01394	0.01363	0.01376	0.01282	0.01367	0.01366	0.01314	0.01322	0.01368	0.01332	0.01325	0.01312	0.01354	0.01363	0.01395	0.01322	0.01346	0.01385	0.0125	0.01364	0.01334	0.01321	0.01361	0.01361	0.01393	0.01325	0.01418	0.01446	0.01391	0.01354	0.01245	0.01391	0.01251	0.01377	0.01355	0.0135	0.01395	0.01387	0.01383	0.01377	0.01346	0.01431	0.0138	0.01292	0.01339	0.01338	0.01341	0.01332	0.01337	0.01323	0.01275	0.01371	0.01352	0.01319	0.01348	0.01369	0.01342	0.01343	0.01293	0.0135	0.01471	0.01312	0.01318	0.01335	0.01443	0.01333	0.01307	0.01358	0.01357	0.0133	0.01346	0.0131	0.01339	0.01364	0.01264	0.01359	0.0139	0.01348	0.01289	0.01341	0.01363	0.01391	0.01337	0.01336	0.01375	0.01375	0.01364	0.01337	0.01308	0.01399	0.01315	0.01392	0.01383	0.01372	0.0138	0.01442	0.01314	0.01311	0.01348	0.01352	0.01307	0.01316	0.01382	0.01229	0.01316	0.01271	0.01274	0.01333	0.013	0.01318	0.01405	0.01286	0.0131	0.01371	0.01399	0.0129	0.01259	0.01413	0.01353	0.01424	0.01348	0.01364	0.01291	0.0137	0.01332	0.01335	0.01332	0.01271	0.01365	0.01393	0.01374	0.0137	0.01329	0.01339	0.0129	0.01469	0.01316	0.01282	0.01232	0.01343	0.01366	0.01348	0.01399	0.01271	0.01351	0.01343	0.01354	0.01399	0.01247	0.01359	0.01328	0.01333	0.01399	0.01408	0.01344	0.01435	0.01377	0.01427	0.01328	0.0137	0.01305	0.01468	0.01357	0.01318	0.01345	0.01391	0.0138	0.01349	0.01335	0.01377	0.01446	0.01296	0.01354	0.01314	0.01268	0.01408	0.01342	0.01284	0.01323	0.01369	0.01338	0.01286	0.01338	0.01334	0.01363	0.01298	0.01235	0.01346	0.01362	0.0131	0.01374	0.01381	0.01286	0.01378	0.0135	0.0132	0.01431	0.01381
carp	0.0128	0.01181	0.01276	0.01264	0.01192	0.01318	0.01314	0.01336	0.01155	0.01275	0.01216	0.01365	0.01111	0.01184	0.01305	0.01391	0.01376	0.01369	0.01332	0.01238	0.01382	0.01433	0.01253	0.01381	0.01366	0.01348	0.01382	0.014	0.01378	0.014	0.0136	0.01365	0.0	0.01206	0.01386	0.01229	0.013	0.01254	0.0125	0.01298	0.01142	0.01294	0.01321	0.0114	0.01363	0.01388	0.0137	0.01121	0.01312	0.01384	0.01091	0.01222	0.01296	0.014	0.01359	0.01281	0.0133	0.0128	0.01326	0.0134	0.01414	0.01358	0.01345	0.01342	0.0133	0.01347	0.01319	0.01259	0.01435	0.01195	0.01404	0.01376	0.01296	0.01349	0.01283	0.0134	0.01381	0.01305	0.01321	0.01255	0.01426	0.01313	0.01371	0.01154	0.01274	0.01161	0.0132	0.01268	0.01243	0.01116	0.01384	0.01339	0.01223	0.01215	0.01243	0.01273	0.01339	0.01306	0.01237	0.01336	0.01403	0.01326	0.01364	0.01354	0.01374	0.01368	0.01352	0.014	0.01269	0.01384	0.01257	0.01295	0.01311	0.01423	0.01353	0.0126	0.01349	0.01299	0.01373	0.01261	0.01147	0.01309	0.01301	0.01454	0.01224	0.01348	0.01228	0.0132	0.01382	0.01169	0.01364	0.01312	0.01294	0.01339	0.01376	0.01322	0.01324	0.01353	0.01431	0.0141	0.01351	0.01348	0.0137	0.01318	0.01197	0.01321	0.01228	0.01377	0.01366	0.01359	0.01339	0.01282	0.01371	0.01257	0.01354	0.01134	0.01259	0.01276	0.01309	0.01227	0.01319	0.00885	0.01328	0.01175	0.01324	0.01394	0.01295	0.01272	0.01264	0.0111	0.01353	0.01406	0.01188	0.01396	0.0135	0.01268	0.01309	0.01431	0.01297	0.01315	0.01333	0.01337	0.01409	0.01383	0.01322	0.01299	0.01211	0.01296	0.0139	0.01188	0.01335	0.01228	0.01191	0.01371	0.01305	0.01073	0.01198	0.01321	0.01161	0.01432	0.01282	0.01319	0.014	0.01378	0.01405	0.01396	0.01334	0.01109	0.01365	0.01237	0.01391	0.01362	0.01416	0.01327	0.01372	0.01311	0.01247	0.01321	0.01378	0.01351	0.01385	0.01256	0.01362	0.01305	0.01362	0.013	0.00936	0.01427	0.01343	0.01089	0.01343	0.01356	0.01379	0.01232	0.01313	0.01298	0.01309	0.01331	0.01362	0.01262
cat	0.01283	0.01313	0.0131	0.01175	0.01138	0.01287	0.01116	0.01201	0.0112	0.01171	0.01235	0.01328	0.01308	0.01166	0.01329	0.01267	0.01277	0.0141	0.01214	0.01054	0.01324	0.01353	0.01143	0.01292	0.01195	0.01239	0.0141	0.01319	0.01334	0.01298	0.01313	0.01414	0.01206	0.0	0.013	0.01195	0.01263	0.01257	0.01244	0.01231	0.01027	0.01271	0.01304	0.01354	0.01308	0.01271	0.01142	0.01384	0.01251	0.01374	0.01235	0.01021	0.01257	0.01316	0.01342	0.01078	0.01106	0.01258	0.01285	0.0108	0.0135	0.01192	0.01354	0.01341	0.01142	0.01196	0.01319	0.01256	0.01259	0.01116	0.0136	0.0137	0.01263	0.0127	0.01168	0.01327	0.01394	0.01277	0.01186	0.01387	0.01432	0.00977	0.01293	0.01169	0.01351	0.01218	0.01183	0.01197	0.0113	0.01352	0.01327	0.01033	0.01251	0.01306	0.01359	0.01262	0.01178	0.01251	0.01312	0.0139	0.01301	0.01299	0.01166	0.01154	0.01236	0.01322	0.01363	0.01278	0.01042	0.01212	0.01162	0.01351	0.01141	0.01351	0.01276	0.01234	0.01236	0.01185	0.0134	0.01309	0.01229	0.01258	0.01155	0.01498	0.01276	0.01301	0.01062	0.01388	0.01215	0.01145	0.01186	0.0114	0.0125	0.01252	0.01352	0.01348	0.01249	0.01265	0.01435	0.01177	0.01371	0.01248	0.01156	0.01193	0.0107	0.01225	0.01259	0.01197	0.0127	0.01287	0.01204	0.01378	0.01217	0.01202	0.01373	0.01248	0.00982	0.01163	0.01293	0.01329	0.01328	0.01135	0.01218	0.01208	0.01172	0.01292	0.01188	0.01064	0.01122	0.01217	0.0128	0.01362	0.00932	0.0122	0.01239	0.01122	0.01141	0.01445	0.01203	0.01283	0.01254	0.01107	0.01454	0.01329	0.01328	0.0124	0.01229	0.01228	0.01299	0.01126	0.01204	0.01285	0.01224	0.01162	0.01332	0.01202	0.01194	0.01305	0.01202	0.013	0.01355	0.01213	0.01231	0.01422	0.01299	0.01217	0.01162	0.01275	0.01185	0.0116	0.01283	0.01316	0.01241	0.01217	0.01338	0.01271	0.01402	0.01392	0.0119	0.01216	0.01283	0.01339	0.01296	0.01106	0.01203	0.01304	0.01154	0.01321	0.01197	0.0125	0.0114	0.01273	0.01207	0.01259	0.01178	0.01211	0.01064	0.01373	0.01294	0.01097
caterpillar	0.01329	0.01297	0.01256	0.01199	0.01258	0.01149	0.01257	0.01322	0.01345	0.01259	0.01261	0.01305	0.01281	0.01314	0.01247	0.01249	0.01345	0.014	0.01338	0.01239	0.01327	0.01323	0.01225	0.01328	0.01304	0.01389	0.0139	0.01254	0.01133	0.01241	0.01267	0.01404	0.01386	0.013	0.0	0.01373	0.01256	0.01262	0.01247	0.01239	0.01291	0.01314	0.0115	0.01464	0.01366	0.01243	0.01234	0.01329	0.01205	0.01327	0.01366	0.01267	0.01296	0.013	0.01283	0.01325	0.01289	0.01194	0.01287	0.01364	0.01244	0.01288	0.01334	0.01214	0.01302	0.01227	0.01208	0.01331	0.01386	0.0135	0.01295	0.01324	0.01259	0.01311	0.01301	0.01221	0.01331	0.01336	0.01249	0.01249	0.01365	0.01305	0.01241	0.01322	0.01435	0.01265	0.01271	0.01194	0.0131	0.01366	0.01136	0.01249	0.01267	0.01362	0.01415	0.01278	0.01241	0.01347	0.01199	0.01394	0.01301	0.01246	0.01305	0.01219	0.01283	0.01239	0.01436	0.01293	0.01264	0.0126	0.01288	0.013	0.01254	0.0119	0.01272	0.0134	0.01307	0.01338	0.01181	0.01262	0.01232	0.01169	0.01297	0.01362	0.01322	0.01304	0.01322	0.01291	0.01249	0.0133	0.01216	0.01246	0.01181	0.01219	0.01146	0.0122	0.01265	0.01313	0.01376	0.01335	0.01222	0.01129	0.0121	0.01236	0.01331	0.01252	0.0125	0.01281	0.01223	0.01383	0.01315	0.01312	0.01236	0.013	0.0132	0.01322	0.01337	0.01169	0.01316	0.01363	0.01273	0.01379	0.01311	0.01348	0.01207	0.01267	0.01302	0.0127	0.01291	0.0126	0.01292	0.01327	0.01281	0.01338	0.01235	0.01245	0.01207	0.01411	0.01231	0.0132	0.01168	0.01241	0.01454	0.01264	0.01384	0.01276	0.01353	0.0127	0.01235	0.01282	0.01304	0.013	0.01324	0.01278	0.01388	0.01393	0.01286	0.0123	0.01299	0.01262	0.01151	0.01206	0.01298	0.01228	0.01306	0.01282	0.01278	0.0126	0.01228	0.01353	0.01271	0.01204	0.01271	0.01281	0.01334	0.01216	0.01364	0.01326	0.01263	0.01124	0.01284	0.01215	0.01375	0.01281	0.01275	0.01221	0.01354	0.01413	0.01254	0.01286	0.01217	0.01087	0.01251	0.01331	0.01236	0.01261	0.01242	0.0137	0.01354	0.01283
catfish	0.0121	0.01118	0.01243	0.01169	0.01199	0.01338	0.01162	0.01244	0.01198	0.01211	0.01158	0.01287	0.01263	0.01351	0.01388	0.01197	0.01248	0.01448	0.01177	0.01187	0.01404	0.01257	0.01186	0.01304	0.01238	0.01423	0.01446	0.01336	0.01323	0.01301	0.0139	0.01346	0.01229	0.01195	0.01373	0.0	0.0107	0.01025	0.01153	0.01184	0.01224	0.01222	0.0132	0.01288	0.01246	0.01246	0.01188	0.01162	0.0128	0.01343	0.01223	0.01133	0.01383	0.0134	0.01291	0.0121	0.01275	0.01359	0.01276	0.01214	0.01372	0.01326	0.01348	0.01346	0.01314	0.01273	0.01269	0.01061	0.01365	0.01294	0.01341	0.01401	0.01182	0.01276	0.01315	0.01339	0.01375	0.01385	0.01239	0.01241	0.01414	0.01063	0.01334	0.01188	0.01307	0.01295	0.01253	0.01231	0.01271	0.01275	0.01356	0.01152	0.01302	0.01239	0.01317	0.01204	0.01318	0.01361	0.01204	0.01347	0.01346	0.0129	0.01144	0.01273	0.013	0.01377	0.01384	0.01089	0.01197	0.01332	0.01044	0.0136	0.01244	0.0136	0.01298	0.01241	0.01382	0.01293	0.01366	0.01244	0.01155	0.01124	0.01307	0.01471	0.01288	0.01349	0.01191	0.01405	0.01225	0.01288	0.01147	0.01306	0.0131	0.01291	0.01403	0.01309	0.01333	0.01343	0.01421	0.01289	0.01305	0.01261	0.01189	0.01241	0.01261	0.01282	0.01278	0.01136	0.01268	0.01182	0.01272	0.01347	0.01273	0.01283	0.01377	0.01245	0.01213	0.01293	0.013	0.01393	0.01332	0.01287	0.01239	0.00981	0.01305	0.01402	0.0127	0.01246	0.0123	0.01224	0.0139	0.01326	0.01165	0.01257	0.01327	0.01242	0.01302	0.01459	0.01143	0.01337	0.01342	0.01223	0.01461	0.01363	0.01295	0.01302	0.01143	0.01345	0.01311	0.00992	0.01289	0.01111	0.01145	0.01263	0.01262	0.0123	0.01167	0.01264	0.01165	0.01386	0.01305	0.01314	0.01374	0.01329	0.01268	0.01297	0.01319	0.0118	0.01305	0.01061	0.01347	0.01263	0.01427	0.01303	0.01346	0.01254	0.01378	0.01409	0.01316	0.01245	0.01303	0.01167	0.01385	0.01086	0.01161	0.01329	0.01084	0.01437	0.01253	0.01128	0.0112	0.0128	0.01349	0.01021	0.01268	0.01284	0.01197	0.01359	0.01345	0.01295
centipede	0.01285	0.01167	0.012	0.01208	0.01318	0.0115	0.01199	0.01223	0.01253	0.01185	0.01215	0.01264	0.0128	0.01319	0.01284	0.01144	0.01189	0.01401	0.01223	0.01188	0.01312	0.0121	0.01202	0.0131	0.01225	0.01409	0.01393	0.01248	0.01139	0.01211	0.01351	0.01352	0.013	0.01263	0.01256	0.0107	0.0	0.01076	0.01089	0.01105	0.01281	0.01199	0.01165	0.01341	0.01216	0.01075	0.01241	0.01261	0.01186	0.01254	0.01269	0.01284	0.01319	0.01297	0.01312	0.01253	0.01344	0.01365	0.01306	0.01321	0.01173	0.01274	0.01383	0.01244	0.0133	0.01315	0.01156	0.01075	0.0136	0.01313	0.01338	0.0137	0.01235	0.01204	0.01325	0.01257	0.01365	0.0137	0.01151	0.01187	0.01335	0.01121	0.01289	0.01161	0.01338	0.01307	0.01278	0.01183	0.01317	0.01355	0.01254	0.01156	0.01366	0.01334	0.01371	0.01206	0.01258	0.0133	0.01179	0.01335	0.01305	0.01328	0.01151	0.012	0.01244	0.01337	0.014	0.01016	0.01149	0.01271	0.01202	0.01368	0.0128	0.01285	0.01288	0.01227	0.01364	0.0135	0.01183	0.01295	0.01152	0.0082	0.01353	0.01403	0.01341	0.0129	0.01223	0.01255	0.01105	0.01283	0.01192	0.01319	0.01301	0.01248	0.01224	0.0124	0.01372	0.01283	0.01372	0.0122	0.01296	0.01221	0.01147	0.01245	0.01296	0.01258	0.01332	0.01212	0.01182	0.01287	0.0132	0.01339	0.01257	0.01334	0.01351	0.01271	0.01273	0.01295	0.01339	0.01342	0.01261	0.01297	0.01181	0.01122	0.01291	0.014	0.01207	0.01222	0.0116	0.01232	0.01404	0.01288	0.01253	0.01369	0.01285	0.01222	0.01274	0.0141	0.01214	0.01297	0.013	0.01287	0.01424	0.01348	0.01238	0.01239	0.01206	0.01332	0.01158	0.01119	0.01254	0.01117	0.01283	0.01186	0.01341	0.01308	0.01289	0.01185	0.0115	0.01343	0.01264	0.0127	0.01388	0.01317	0.01208	0.01334	0.01353	0.01211	0.012	0.01222	0.01344	0.0112	0.0128	0.01312	0.0132	0.01194	0.01377	0.01379	0.01294	0.01069	0.01325	0.01149	0.01368	0.01151	0.01089	0.01354	0.01285	0.01352	0.01237	0.01264	0.01067	0.01148	0.01298	0.01123	0.01299	0.01283	0.0118	0.01312	0.01359	0.01317
chameleon	0.0122	0.01035	0.0114	0.01118	0.01278	0.01206	0.01189	0.01188	0.01258	0.01359	0.01055	0.01309	0.01145	0.01348	0.01374	0.01152	0.01195	0.01333	0.0128	0.01135	0.01386	0.01266	0.0111	0.01319	0.01212	0.0143	0.0138	0.01292	0.01261	0.01252	0.01374	0.01346	0.01254	0.01257	0.01262	0.01025	0.01076	0.0	0.01191	0.01134	0.01262	0.01146	0.01256	0.01295	0.01223	0.01193	0.01181	0.01045	0.01189	0.01248	0.01123	0.01247	0.01401	0.01347	0.01209	0.01245	0.01301	0.01372	0.01222	0.01292	0.01318	0.01329	0.01352	0.01306	0.01368	0.01281	0.01211	0.00979	0.0134	0.01343	0.01306	0.01364	0.01163	0.01167	0.01313	0.01323	0.0138	0.01347	0.01167	0.01208	0.01381	0.01122	0.01321	0.0103	0.01315	0.0129	0.01222	0.01175	0.01248	0.01246	0.01323	0.01137	0.0136	0.0131	0.01253	0.01025	0.01313	0.01361	0.01131	0.01383	0.0132	0.01323	0.0124	0.01198	0.01269	0.01337	0.01432	0.01208	0.0116	0.01322	0.01152	0.01269	0.01289	0.0131	0.0129	0.01293	0.01358	0.01317	0.0131	0.01178	0.01102	0.01069	0.01309	0.0141	0.01307	0.0137	0.01302	0.01326	0.01227	0.01257	0.01135	0.01326	0.01267	0.01249	0.01312	0.01223	0.01321	0.01234	0.01381	0.01243	0.01249	0.01167	0.01203	0.01266	0.01335	0.01303	0.01296	0.01144	0.01257	0.012	0.01262	0.01273	0.01227	0.01259	0.01364	0.01106	0.01322	0.01292	0.01306	0.0133	0.01224	0.01219	0.01286	0.01014	0.01277	0.01364	0.01276	0.01281	0.01264	0.01167	0.01389	0.01267	0.01256	0.01262	0.01288	0.01205	0.01363	0.01353	0.01244	0.01318	0.01293	0.01231	0.0148	0.01319	0.01331	0.01284	0.01001	0.0137	0.01276	0.01055	0.01282	0.00948	0.01069	0.01196	0.01287	0.01197	0.0124	0.01178	0.01048	0.01374	0.01319	0.01323	0.01306	0.01221	0.01236	0.01251	0.01303	0.01094	0.01188	0.01126	0.01344	0.01294	0.01307	0.0128	0.01262	0.01175	0.01321	0.01339	0.0132	0.01191	0.01336	0.01085	0.0137	0.01016	0.01056	0.0132	0.01107	0.01435	0.01184	0.01142	0.01136	0.01213	0.01386	0.01012	0.01272	0.01264	0.01179	0.01335	0.01399	0.01314
chicken	0.01232	0.01221	0.01213	0.01196	0.01278	0.0122	0.01207	0.01284	0.01258	0.01295	0.01176	0.01262	0.01197	0.01281	0.01187	0.01179	0.0119	0.01303	0.01196	0.01146	0.01304	0.01179	0.01147	0.01338	0.0128	0.01389	0.01418	0.01254	0.01161	0.01286	0.01298	0.0135	0.0125	0.01244	0.01247	0.01153	0.01089	0.01191	0.0	0.01093	0.01218	0.01244	0.01064	0.01291	0.01227	0.01159	0.01207	0.0119	0.01204	0.01255	0.01167	0.01245	0.01226	0.01212	0.01331	0.01254	0.01213	0.01176	0.01214	0.01315	0.01253	0.01275	0.01325	0.01324	0.01263	0.01305	0.01217	0.01128	0.01246	0.01264	0.01345	0.01358	0.01193	0.01302	0.01301	0.01156	0.01299	0.01333	0.01264	0.01132	0.01281	0.01182	0.01182	0.01174	0.01303	0.01151	0.01199	0.01129	0.01221	0.01246	0.0125	0.01184	0.01214	0.01271	0.01289	0.01274	0.01187	0.01295	0.01146	0.01352	0.01262	0.01251	0.01182	0.01203	0.01185	0.01396	0.01436	0.01195	0.0113	0.01303	0.01233	0.01319	0.01206	0.01234	0.01148	0.01241	0.01391	0.01289	0.01157	0.01166	0.01109	0.01076	0.01391	0.01472	0.01306	0.01304	0.01268	0.01169	0.01214	0.01204	0.01245	0.01291	0.01089	0.01192	0.01256	0.01229	0.01262	0.01266	0.01361	0.01285	0.01177	0.01265	0.01149	0.01217	0.01244	0.01204	0.01261	0.01226	0.01245	0.01278	0.01235	0.01352	0.012	0.01264	0.0133	0.01168	0.01243	0.01141	0.012	0.0135	0.01302	0.01263	0.01263	0.01172	0.01125	0.01347	0.01273	0.0119	0.01189	0.01173	0.01394	0.01341	0.01197	0.01311	0.01178	0.01209	0.01225	0.01428	0.01153	0.01226	0.01174	0.01266	0.01449	0.01212	0.01183	0.01125	0.0116	0.01292	0.01207	0.01158	0.0125	0.01169	0.01276	0.01249	0.01352	0.01251	0.01211	0.01215	0.01147	0.01397	0.01193	0.01217	0.01233	0.01373	0.01292	0.01193	0.01274	0.01166	0.01253	0.01229	0.01237	0.01098	0.01347	0.0125	0.01205	0.01283	0.01355	0.01401	0.01313	0.01014	0.01223	0.0118	0.01278	0.0122	0.01226	0.01155	0.01241	0.014	0.0122	0.01207	0.01153	0.01125	0.01325	0.01115	0.01104	0.01254	0.01125	0.01321	0.01345	0.0121
chimpanzee	0.01179	0.01146	0.01138	0.01075	0.01235	0.0118	0.01123	0.01205	0.01215	0.01214	0.01061	0.0125	0.01163	0.01251	0.0121	0.01114	0.01158	0.0129	0.01053	0.01099	0.01292	0.01296	0.01011	0.01333	0.01193	0.01321	0.01334	0.01187	0.01201	0.01171	0.013	0.01342	0.01298	0.01231	0.01239	0.01184	0.01105	0.01134	0.01093	0.0	0.01272	0.0123	0.01345	0.01359	0.01266	0.01162	0.01058	0.01296	0.01126	0.01173	0.01297	0.01066	0.01252	0.01231	0.01304	0.01256	0.01193	0.01181	0.01056	0.01189	0.01183	0.01104	0.01347	0.01265	0.01258	0.0122	0.01137	0.01161	0.01195	0.01221	0.01214	0.01293	0.01085	0.01245	0.01213	0.01249	0.01309	0.0127	0.01215	0.0126	0.01314	0.01108	0.01168	0.01191	0.01315	0.01234	0.01117	0.01107	0.01249	0.01321	0.01299	0.01036	0.01178	0.01302	0.01222	0.01137	0.01167	0.01285	0.01143	0.01335	0.01172	0.01239	0.0117	0.01123	0.01162	0.01284	0.01359	0.011	0.01175	0.01286	0.01087	0.0119	0.01121	0.01204	0.01064	0.01255	0.01245	0.01296	0.01212	0.01097	0.01166	0.01113	0.01289	0.01407	0.01144	0.01226	0.01209	0.01223	0.01128	0.01287	0.01191	0.01184	0.01086	0.00974	0.01381	0.01247	0.01299	0.01214	0.01315	0.01314	0.01292	0.01281	0.01032	0.01143	0.01335	0.01096	0.01091	0.01168	0.01168	0.01267	0.01269	0.01223	0.01039	0.01184	0.01226	0.01258	0.01263	0.01143	0.0124	0.01315	0.01194	0.0127	0.0112	0.01178	0.01098	0.01266	0.01196	0.01154	0.01182	0.01184	0.01305	0.01195	0.01156	0.01254	0.011	0.01199	0.012	0.0136	0.01074	0.01279	0.01141	0.01239	0.01348	0.01221	0.0133	0.01138	0.01249	0.01273	0.01129	0.01073	0.01168	0.01131	0.01108	0.01181	0.01343	0.0128	0.01147	0.01289	0.01184	0.01318	0.01337	0.01109	0.01175	0.01359	0.01263	0.01125	0.01221	0.01228	0.01185	0.01093	0.01166	0.01227	0.01267	0.01157	0.01244	0.01281	0.01255	0.01379	0.01177	0.01108	0.01229	0.0109	0.01317	0.01182	0.01234	0.01215	0.01292	0.01386	0.01099	0.01196	0.01045	0.01209	0.01209	0.01121	0.01172	0.00946	0.01068	0.01257	0.01351	0.01163
chipmunk	0.01337	0.01313	0.01342	0.01178	0.01013	0.01273	0.01054	0.01252	0.01159	0.01169	0.01258	0.01299	0.0132	0.01063	0.01347	0.01245	0.01276	0.01346	0.01311	0.01189	0.01298	0.01339	0.01168	0.01335	0.0126	0.01195	0.0136	0.01371	0.0136	0.01332	0.01258	0.01335	0.01142	0.01027	0.01291	0.01224	0.01281	0.01262	0.01218	0.01272	0.0	0.01317	0.0129	0.01315	0.01388	0.01324	0.01205	0.01323	0.01222	0.01293	0.01353	0.01183	0.012	0.01339	0.01409	0.01024	0.01157	0.01249	0.01232	0.01206	0.01382	0.01336	0.01322	0.01291	0.01133	0.01196	0.01308	0.01315	0.01313	0.01046	0.0132	0.01327	0.01244	0.01327	0.01258	0.0132	0.01406	0.01241	0.01226	0.01369	0.01436	0.01141	0.01254	0.01244	0.01323	0.0106	0.01269	0.0117	0.01003	0.01301	0.01302	0.01191	0.01167	0.01311	0.01394	0.01343	0.01246	0.01201	0.01302	0.0134	0.01327	0.01227	0.01278	0.01226	0.01277	0.01353	0.01408	0.01301	0.01136	0.01314	0.01253	0.01382	0.01137	0.01392	0.01299	0.01298	0.01273	0.01203	0.01338	0.01277	0.01218	0.01297	0.01226	0.01431	0.0129	0.0125	0.01165	0.01341	0.01305	0.01164	0.01233	0.01189	0.0116	0.01237	0.01335	0.01373	0.01197	0.0133	0.01393	0.01234	0.0128	0.01325	0.0119	0.0117	0.00919	0.01227	0.01211	0.0126	0.01306	0.01288	0.01255	0.01281	0.01261	0.01205	0.01379	0.01202	0.01015	0.01134	0.01206	0.0128	0.01354	0.01156	0.01334	0.01251	0.01185	0.01221	0.012	0.01088	0.01113	0.01229	0.0136	0.01371	0.01036	0.01267	0.01221	0.01171	0.01137	0.01441	0.01171	0.01281	0.01227	0.01184	0.01389	0.01215	0.01328	0.01163	0.01266	0.01267	0.01357	0.0126	0.01231	0.01322	0.0125	0.01229	0.01251	0.01203	0.01243	0.01316	0.01277	0.01374	0.01326	0.0128	0.01301	0.01375	0.01351	0.01289	0.01108	0.01272	0.01321	0.01279	0.01263	0.01316	0.01378	0.01275	0.01333	0.01326	0.01224	0.01377	0.01299	0.01281	0.01233	0.0133	0.01315	0.01247	0.01277	0.011	0.01259	0.01339	0.01302	0.01205	0.01256	0.01249	0.01303	0.01271	0.01083	0.01296	0.01115	0.01336	0.01293	0.01157
clown_fish	0.01252	0.01189	0.01171	0.01211	0.01343	0.01243	0.01288	0.01302	0.01324	0.01386	0.01137	0.01362	0.01161	0.0142	0.01342	0.01269	0.01331	0.0136	0.01292	0.0122	0.01355	0.01235	0.01208	0.01267	0.01254	0.0143	0.01475	0.01311	0.01331	0.01245	0.01426	0.0136	0.01294	0.01271	0.01314	0.01222	0.01199	0.01146	0.01244	0.0123	0.01317	0.0	0.01292	0.0136	0.01276	0.01237	0.01217	0.01215	0.01249	0.01361	0.01257	0.01232	0.01356	0.013	0.01263	0.0139	0.0134	0.0134	0.01334	0.01218	0.01297	0.01225	0.0133	0.01236	0.01367	0.01345	0.01246	0.01159	0.01312	0.01373	0.01339	0.01425	0.0126	0.01301	0.01289	0.01265	0.0132	0.01347	0.01284	0.01189	0.01412	0.0123	0.01328	0.0116	0.01392	0.01382	0.01229	0.01235	0.0133	0.0128	0.01373	0.01199	0.0135	0.01273	0.01346	0.01148	0.0131	0.01419	0.01149	0.01409	0.01272	0.01354	0.01298	0.01255	0.01305	0.0136	0.01369	0.01262	0.0128	0.01359	0.01188	0.01309	0.01258	0.01299	0.01277	0.01351	0.01341	0.0135	0.01275	0.01096	0.01194	0.0121	0.01351	0.01369	0.01361	0.01335	0.0135	0.01356	0.01319	0.01309	0.01273	0.01249	0.01287	0.01295	0.01345	0.01256	0.01401	0.01293	0.01363	0.01291	0.01311	0.01289	0.01254	0.0133	0.01421	0.01243	0.01323	0.01198	0.01249	0.01281	0.01288	0.01349	0.01307	0.0132	0.01356	0.01225	0.01388	0.01301	0.01302	0.01403	0.01222	0.01245	0.01203	0.01179	0.01299	0.01396	0.01346	0.01294	0.01324	0.01168	0.01335	0.01298	0.01278	0.01352	0.01254	0.01269	0.01333	0.01357	0.0133	0.01315	0.0127	0.01234	0.01414	0.01322	0.01259	0.01311	0.01237	0.01318	0.01283	0.01173	0.01333	0.01163	0.01153	0.01238	0.01329	0.01239	0.01267	0.01213	0.01185	0.01308	0.01291	0.01248	0.01327	0.0135	0.01298	0.0128	0.01333	0.01167	0.01284	0.0119	0.01298	0.01317	0.01393	0.01282	0.01303	0.01206	0.01376	0.01414	0.01203	0.01261	0.01336	0.01108	0.01382	0.01193	0.01233	0.01371	0.01241	0.01437	0.0122	0.01248	0.01288	0.01321	0.01292	0.01257	0.01345	0.01261	0.01307	0.01379	0.01353	0.01382
cockroach	0.0133	0.01312	0.01317	0.01364	0.01325	0.01242	0.01284	0.01323	0.01384	0.01382	0.01358	0.01336	0.01317	0.01375	0.01221	0.01358	0.01304	0.01395	0.01331	0.01305	0.01382	0.01302	0.01374	0.01444	0.01379	0.01465	0.01486	0.01266	0.01095	0.01338	0.01409	0.01394	0.01321	0.01304	0.0115	0.0132	0.01165	0.01256	0.01064	0.01345	0.0129	0.01292	0.0	0.01385	0.01362	0.01258	0.01367	0.01272	0.01322	0.01361	0.01301	0.01375	0.01397	0.01298	0.01419	0.01322	0.01354	0.01339	0.01397	0.01382	0.01348	0.01407	0.01418	0.0131	0.01448	0.01375	0.01193	0.01306	0.01449	0.01387	0.01374	0.01444	0.01354	0.01306	0.01408	0.01296	0.01318	0.01453	0.01287	0.01149	0.01354	0.01341	0.01298	0.01318	0.01432	0.0126	0.01356	0.01313	0.01292	0.013	0.01283	0.01283	0.01347	0.01379	0.01378	0.01379	0.01332	0.01387	0.01187	0.01431	0.01318	0.01357	0.01339	0.0129	0.01308	0.01432	0.01503	0.0133	0.01182	0.01355	0.01372	0.01376	0.01338	0.01287	0.01307	0.01364	0.01421	0.01375	0.01165	0.01322	0.0125	0.01057	0.01364	0.01399	0.01421	0.0142	0.01343	0.01236	0.01313	0.01346	0.01342	0.01391	0.01311	0.01356	0.01112	0.01227	0.01395	0.01335	0.01405	0.01295	0.01247	0.01193	0.01309	0.01334	0.01337	0.01382	0.01396	0.01325	0.01349	0.0132	0.01288	0.01464	0.01358	0.01428	0.0145	0.01204	0.01332	0.01279	0.01322	0.01413	0.01387	0.01303	0.01366	0.01316	0.0136	0.01451	0.01351	0.01283	0.01248	0.01375	0.01464	0.01364	0.01341	0.01394	0.01265	0.0132	0.01372	0.01456	0.01249	0.01379	0.01353	0.01339	0.01484	0.01429	0.0128	0.01318	0.01318	0.014	0.01318	0.01352	0.01358	0.01253	0.01418	0.01317	0.01417	0.01264	0.01377	0.01218	0.01289	0.01364	0.01089	0.01275	0.01412	0.01328	0.01368	0.01396	0.01424	0.01238	0.01303	0.01368	0.01422	0.0109	0.01354	0.01305	0.01335	0.01168	0.01432	0.01435	0.0139	0.01115	0.01391	0.01229	0.01336	0.01318	0.01229	0.01318	0.01316	0.01349	0.01402	0.01376	0.01279	0.01021	0.0135	0.01309	0.01338	0.01371	0.01309	0.01386	0.01349	0.01346
cod	0.01299	0.01232	0.01329	0.01341	0.01336	0.01362	0.01401	0.01424	0.01262	0.01358	0.01295	0.01378	0.01224	0.01326	0.01381	0.01413	0.01384	0.01411	0.01448	0.01373	0.01428	0.01448	0.01368	0.01423	0.01361	0.01295	0.01503	0.01419	0.01371	0.0143	0.01407	0.01363	0.0114	0.01354	0.01464	0.01288	0.01341	0.01295	0.01291	0.01359	0.01315	0.0136	0.01385	0.0	0.01333	0.01383	0.014	0.0119	0.01406	0.01403	0.01099	0.01359	0.01441	0.01436	0.0132	0.0137	0.01441	0.01331	0.01417	0.01464	0.01398	0.01493	0.01433	0.01437	0.01435	0.01373	0.01429	0.01305	0.01445	0.0132	0.01434	0.01457	0.01366	0.01402	0.01344	0.0137	0.01377	0.01386	0.01417	0.01365	0.01431	0.01417	0.01416	0.01212	0.01451	0.01312	0.01328	0.01363	0.01335	0.01191	0.01433	0.01434	0.01333	0.01306	0.01262	0.01253	0.01384	0.01359	0.01306	0.01413	0.01469	0.01385	0.01502	0.01385	0.01391	0.01451	0.01486	0.01442	0.01312	0.01408	0.01313	0.01394	0.01431	0.01431	0.01409	0.01382	0.01446	0.01388	0.01425	0.01342	0.01164	0.0139	0.01369	0.01423	0.01402	0.01428	0.01409	0.0144	0.01462	0.01313	0.01418	0.01401	0.01355	0.01445	0.01416	0.01348	0.01414	0.01407	0.01411	0.01422	0.01402	0.01427	0.01433	0.01366	0.01343	0.01418	0.01319	0.0139	0.01345	0.01367	0.01401	0.01458	0.01481	0.01318	0.014	0.01254	0.01308	0.0143	0.01401	0.01359	0.01343	0.01191	0.01399	0.0118	0.014	0.01421	0.01345	0.01365	0.01368	0.01138	0.01443	0.01419	0.01371	0.01411	0.01429	0.01344	0.01381	0.01466	0.0138	0.01375	0.01369	0.01356	0.01484	0.01474	0.01343	0.01352	0.01241	0.01383	0.01422	0.01282	0.0135	0.01246	0.01323	0.01414	0.01382	0.01284	0.01251	0.01358	0.01249	0.01426	0.01359	0.01427	0.01426	0.01331	0.01418	0.01429	0.01415	0.01136	0.01353	0.01371	0.01474	0.01423	0.01412	0.01407	0.01372	0.0138	0.01402	0.01398	0.01458	0.01375	0.01429	0.01319	0.01364	0.01369	0.01344	0.01343	0.01083	0.01392	0.01389	0.01193	0.01438	0.01384	0.01393	0.01257	0.0137	0.01438	0.01364	0.01456	0.01325	0.01423
constrictor_snake	0.01325	0.01223	0.01256	0.01294	0.01333	0.013	0.01279	0.0127	0.01301	0.01358	0.01254	0.01283	0.01258	0.01419	0.01381	0.01205	0.01257	0.01443	0.01307	0.01326	0.01409	0.01252	0.01233	0.01253	0.01301	0.01467	0.01493	0.01319	0.0127	0.01246	0.01474	0.01376	0.01363	0.01308	0.01366	0.01246	0.01216	0.01223	0.01227	0.01266	0.01388	0.01276	0.01362	0.01333	0.0	0.01217	0.01266	0.01305	0.01207	0.01313	0.01333	0.01287	0.01411	0.01415	0.01297	0.01316	0.01333	0.01361	0.01323	0.01346	0.01274	0.0129	0.0137	0.01347	0.014	0.01294	0.01282	0.01146	0.01311	0.01408	0.01467	0.01428	0.01299	0.01292	0.01359	0.01393	0.01384	0.01425	0.01243	0.01355	0.01411	0.01224	0.0138	0.01246	0.0139	0.01303	0.01319	0.01172	0.0137	0.01436	0.01374	0.01278	0.01408	0.01367	0.01358	0.01249	0.01312	0.01369	0.01265	0.01436	0.01363	0.01376	0.01251	0.0123	0.01324	0.01368	0.01454	0.01283	0.0128	0.0134	0.0126	0.01293	0.01306	0.01361	0.01294	0.01312	0.01377	0.01403	0.01316	0.01266	0.01253	0.01168	0.01343	0.01424	0.01392	0.01323	0.01326	0.01404	0.01254	0.01382	0.01229	0.01288	0.01311	0.01323	0.01376	0.01284	0.01383	0.01353	0.01426	0.01322	0.01327	0.01334	0.01292	0.01394	0.01424	0.01346	0.01313	0.0126	0.01203	0.01318	0.01412	0.01408	0.01305	0.01346	0.01351	0.01331	0.01328	0.01336	0.0136	0.01395	0.01297	0.01307	0.01317	0.01241	0.01301	0.0141	0.01303	0.0127	0.01366	0.01277	0.01338	0.01345	0.01299	0.01326	0.01297	0.01289	0.01382	0.01478	0.01321	0.01362	0.01305	0.01262	0.01452	0.01428	0.01354	0.01281	0.01282	0.01323	0.01244	0.01238	0.01331	0.01225	0.01288	0.01249	0.01366	0.01311	0.01334	0.01275	0.01216	0.01364	0.01385	0.01324	0.01325	0.01347	0.01234	0.0131	0.01324	0.01253	0.01248	0.01261	0.01399	0.01317	0.01321	0.01355	0.0132	0.01312	0.01429	0.0139	0.0131	0.01224	0.01387	0.01248	0.01342	0.0118	0.01145	0.01377	0.01289	0.01441	0.01323	0.01303	0.01228	0.01295	0.01374	0.01218	0.01266	0.01332	0.01231	0.01411	0.01367	0.01356
copperhead	0.01226	0.01148	0.01064	0.01219	0.01328	0.01124	0.01175	0.01304	0.01329	0.01245	0.01139	0.01207	0.01238	0.01371	0.01221	0.01056	0.01209	0.01317	0.01246	0.01135	0.01222	0.01285	0.01144	0.01241	0.01311	0.01423	0.0141	0.01089	0.01099	0.0102	0.01282	0.01282	0.01388	0.01271	0.01243	0.01246	0.01075	0.01193	0.01159	0.01162	0.01324	0.01237	0.01258	0.01383	0.01217	0.0	0.01183	0.01323	0.01124	0.01177	0.01319	0.01231	0.01201	0.01262	0.01215	0.01315	0.01278	0.01215	0.01304	0.01247	0.01003	0.0111	0.01292	0.01174	0.01219	0.01335	0.01213	0.01148	0.01287	0.01319	0.01448	0.01281	0.01129	0.01202	0.01195	0.01164	0.01252	0.01319	0.0121	0.01263	0.01335	0.0118	0.01245	0.01203	0.01425	0.01266	0.01196	0.00984	0.01336	0.01428	0.01221	0.0117	0.01295	0.01314	0.01356	0.01126	0.01177	0.01363	0.01128	0.01375	0.01234	0.01265	0.0119	0.01125	0.01179	0.01248	0.01355	0.01152	0.01219	0.01265	0.01227	0.01298	0.01172	0.01137	0.01172	0.01364	0.01152	0.01265	0.01079	0.01196	0.01134	0.01032	0.01273	0.01315	0.01359	0.01161	0.01377	0.013	0.01095	0.01275	0.01172	0.01175	0.01168	0.01233	0.01248	0.01129	0.01271	0.01338	0.01339	0.01279	0.01305	0.01204	0.01079	0.01167	0.01347	0.01113	0.01251	0.01078	0.00911	0.01245	0.01258	0.01318	0.01239	0.01309	0.0133	0.01287	0.01309	0.01157	0.01256	0.0134	0.01115	0.0137	0.01173	0.01243	0.01099	0.01327	0.01231	0.01159	0.01242	0.01175	0.01267	0.01288	0.01155	0.01227	0.0122	0.01084	0.01158	0.01391	0.01224	0.01191	0.01103	0.01222	0.01401	0.01253	0.01334	0.01146	0.013	0.0115	0.01099	0.01223	0.01078	0.01117	0.01236	0.01154	0.01331	0.0135	0.01254	0.01212	0.01204	0.01176	0.01281	0.01161	0.01214	0.01336	0.01211	0.01199	0.01232	0.01219	0.01042	0.01228	0.01249	0.01233	0.01169	0.01268	0.01199	0.01211	0.01302	0.01361	0.01192	0.0099	0.01202	0.01119	0.01339	0.01065	0.01048	0.01269	0.01335	0.01408	0.01183	0.01248	0.01101	0.01136	0.01298	0.01219	0.01198	0.01224	0.01131	0.01283	0.01373	0.01282
coral_snake	0.01128	0.01222	0.01242	0.01108	0.01159	0.01185	0.00968	0.01181	0.01166	0.0119	0.0119	0.01298	0.0128	0.01347	0.01302	0.01175	0.01177	0.0136	0.01032	0.01136	0.0132	0.01305	0.01034	0.01301	0.0096	0.01317	0.01412	0.01264	0.01275	0.01152	0.01209	0.01367	0.0137	0.01142	0.01234	0.01188	0.01241	0.01181	0.01207	0.01058	0.01205	0.01217	0.01367	0.014	0.01266	0.01183	0.0	0.01313	0.0115	0.01299	0.0133	0.01052	0.01232	0.01259	0.01293	0.01119	0.0117	0.01168	0.0122	0.011	0.01315	0.01073	0.01254	0.0124	0.01174	0.01027	0.01239	0.01265	0.01185	0.01237	0.01288	0.01299	0.01078	0.01281	0.01152	0.01195	0.01325	0.01326	0.01246	0.01302	0.0136	0.01055	0.01174	0.01233	0.01337	0.01173	0.0097	0.01151	0.01217	0.01365	0.01244	0.01026	0.01229	0.0132	0.01324	0.01235	0.01143	0.01237	0.01148	0.01378	0.01207	0.01129	0.01185	0.0119	0.01179	0.01268	0.01401	0.01208	0.01184	0.01213	0.01154	0.01262	0.00969	0.01223	0.01172	0.01306	0.01278	0.01258	0.01262	0.01138	0.01216	0.0121	0.012	0.01472	0.01277	0.01234	0.01261	0.01326	0.01149	0.01252	0.01053	0.01184	0.01104	0.01141	0.01366	0.01287	0.01186	0.01296	0.01311	0.01272	0.0124	0.01247	0.00952	0.01161	0.01266	0.01112	0.01189	0.01152	0.01209	0.01233	0.01244	0.01233	0.0116	0.0119	0.01241	0.01301	0.01198	0.01097	0.01234	0.01379	0.01258	0.01337	0.0102	0.01188	0.01082	0.01218	0.01224	0.01173	0.0126	0.01226	0.01247	0.01212	0.01098	0.01211	0.01155	0.01219	0.01226	0.01399	0.01009	0.0121	0.01098	0.01055	0.01416	0.01236	0.01404	0.01208	0.01239	0.01292	0.01249	0.01097	0.01185	0.0118	0.01094	0.01093	0.0135	0.01343	0.01175	0.01214	0.01283	0.01284	0.01309	0.01206	0.01114	0.01282	0.01191	0.01108	0.01069	0.01265	0.01319	0.01141	0.01164	0.01299	0.01388	0.0115	0.01218	0.01284	0.01316	0.01329	0.01113	0.01185	0.01086	0.01174	0.0133	0.01136	0.0126	0.01145	0.01364	0.01373	0.01143	0.01189	0.01089	0.01261	0.01269	0.01152	0.0104	0.01094	0.01055	0.01311	0.01263	0.01253
cottonmouth	0.0127	0.01065	0.0116	0.01136	0.01296	0.01288	0.01323	0.0139	0.01269	0.01367	0.01166	0.01362	0.01047	0.01375	0.01366	0.01277	0.01368	0.01376	0.01427	0.01277	0.0143	0.01372	0.01221	0.01343	0.01333	0.01435	0.0149	0.01402	0.01292	0.01371	0.01461	0.01366	0.01121	0.01384	0.01329	0.01162	0.01261	0.01045	0.0119	0.01296	0.01323	0.01215	0.01272	0.0119	0.01305	0.01323	0.01313	0.0	0.01298	0.01334	0.01101	0.01291	0.01421	0.01391	0.01282	0.01334	0.01294	0.01318	0.01321	0.01407	0.01391	0.01434	0.01266	0.01325	0.01388	0.01357	0.01329	0.01142	0.01367	0.01396	0.0137	0.01382	0.0127	0.01334	0.01314	0.0135	0.01342	0.01441	0.01268	0.01152	0.0145	0.01331	0.01362	0.01205	0.01406	0.0132	0.01296	0.0127	0.01294	0.00981	0.0137	0.01361	0.01335	0.01291	0.01255	0.01165	0.01413	0.01379	0.01095	0.01341	0.01369	0.0131	0.01372	0.01331	0.01305	0.01377	0.0147	0.01334	0.01313	0.01358	0.01172	0.013	0.013	0.01341	0.01374	0.01348	0.01403	0.01298	0.01388	0.01215	0.01035	0.01226	0.01354	0.01407	0.01381	0.0139	0.01361	0.01316	0.01316	0.01328	0.01166	0.01354	0.01293	0.01364	0.01329	0.01215	0.01346	0.01366	0.01417	0.01362	0.01235	0.0121	0.0135	0.01358	0.01375	0.01346	0.01318	0.01301	0.01305	0.0128	0.01351	0.01334	0.01393	0.01262	0.01366	0.01201	0.01402	0.0132	0.01284	0.0135	0.013	0.01234	0.01361	0.01119	0.01334	0.01392	0.01309	0.01329	0.01367	0.01024	0.01391	0.01312	0.01299	0.01316	0.01345	0.01271	0.01413	0.01433	0.01249	0.0133	0.01359	0.01293	0.0148	0.01332	0.01345	0.01387	0.01112	0.01371	0.01363	0.0116	0.01405	0.01	0.01158	0.01354	0.01161	0.01261	0.01198	0.01147	0.01147	0.01406	0.01256	0.0137	0.01374	0.01055	0.01301	0.01355	0.01282	0.01029	0.01379	0.01225	0.01411	0.01294	0.01466	0.01378	0.01298	0.0122	0.01359	0.01399	0.01368	0.01313	0.01406	0.01141	0.01428	0.0123	0.0125	0.01308	0.01001	0.01456	0.0131	0.01108	0.01304	0.013	0.01418	0.01129	0.01303	0.01356	0.0137	0.01416	0.01443	0.01367
cow	0.01233	0.01175	0.01148	0.00989	0.01244	0.01136	0.01178	0.01167	0.01212	0.01223	0.01151	0.0119	0.01148	0.01252	0.01222	0.00941	0.01129	0.01303	0.01205	0.01074	0.01256	0.01221	0.0104	0.01245	0.01252	0.01396	0.01394	0.0123	0.01283	0.01072	0.01279	0.01314	0.01312	0.01251	0.01205	0.0128	0.01186	0.01189	0.01204	0.01126	0.01222	0.01249	0.01322	0.01406	0.01207	0.01124	0.0115	0.01298	0.0	0.01185	0.01334	0.01216	0.0129	0.01148	0.01302	0.01282	0.01196	0.01108	0.01188	0.01251	0.01208	0.01103	0.01219	0.0111	0.01223	0.01237	0.01199	0.01084	0.01311	0.01245	0.01321	0.01291	0.01083	0.01212	0.01199	0.01248	0.01336	0.01295	0.00961	0.0127	0.01364	0.0114	0.01077	0.01156	0.01362	0.01274	0.01165	0.00929	0.01172	0.01358	0.01149	0.01149	0.01089	0.01305	0.01345	0.01191	0.01154	0.01236	0.012	0.01306	0.01147	0.01267	0.01204	0.00787	0.01264	0.01299	0.01376	0.01244	0.01169	0.01298	0.01218	0.01295	0.01104	0.01154	0.01192	0.01216	0.01285	0.0125	0.01207	0.0119	0.0109	0.01115	0.01295	0.01435	0.01293	0.01217	0.0125	0.01333	0.01149	0.01264	0.01068	0.01157	0.01081	0.01118	0.01232	0.01167	0.01282	0.01178	0.01268	0.01223	0.01179	0.01194	0.01121	0.0109	0.01311	0.01074	0.01085	0.01111	0.01159	0.01233	0.01139	0.01203	0.01219	0.0124	0.01225	0.01204	0.01322	0.01043	0.01115	0.01304	0.0122	0.01241	0.01252	0.01277	0.01148	0.01237	0.01133	0.01028	0.01221	0.01135	0.01255	0.01198	0.0121	0.01304	0.01135	0.01122	0.01151	0.01343	0.01188	0.01159	0.01086	0.01172	0.01357	0.01203	0.01337	0.01034	0.01227	0.01286	0.01116	0.012	0.01223	0.0118	0.01164	0.01192	0.0135	0.01269	0.01209	0.01129	0.01128	0.01296	0.01344	0.01157	0.012	0.01287	0.00984	0.0121	0.01176	0.01203	0.01201	0.0127	0.01188	0.01266	0.01262	0.01226	0.01239	0.01281	0.01254	0.01314	0.01142	0.0107	0.01254	0.01175	0.01286	0.01206	0.01072	0.01204	0.01371	0.01426	0.01207	0.01239	0.01076	0.0114	0.01196	0.01281	0.01088	0.01154	0.01136	0.01307	0.01351	0.01219
coyote	0.01358	0.01232	0.01209	0.01209	0.01289	0.01336	0.01262	0.01305	0.01317	0.01272	0.01245	0.01199	0.01227	0.01304	0.01317	0.0118	0.01151	0.01335	0.01261	0.01266	0.0134	0.01327	0.01218	0.01375	0.0135	0.01485	0.01364	0.01261	0.01279	0.01192	0.01326	0.01322	0.01384	0.01374	0.01327	0.01343	0.01254	0.01248	0.01255	0.01173	0.01293	0.01361	0.01361	0.01403	0.01313	0.01177	0.01299	0.01334	0.01185	0.0	0.01347	0.01297	0.01324	0.0133	0.01363	0.01256	0.01289	0.01279	0.01171	0.01325	0.01238	0.01187	0.0137	0.01334	0.01263	0.01321	0.01274	0.01263	0.01306	0.01357	0.01347	0.01361	0.0124	0.01271	0.01384	0.01294	0.01385	0.01298	0.01244	0.01359	0.01354	0.01266	0.01209	0.01328	0.01358	0.0129	0.01266	0.01148	0.01307	0.01365	0.01326	0.01177	0.01281	0.01413	0.01309	0.01268	0.01199	0.01322	0.01304	0.01358	0.01193	0.01274	0.0128	0.01149	0.01232	0.01373	0.01461	0.01257	0.01247	0.01334	0.01254	0.01343	0.01262	0.01284	0.01143	0.01292	0.01313	0.01312	0.01243	0.01328	0.01203	0.01225	0.01363	0.01356	0.01335	0.01306	0.01296	0.01326	0.01275	0.013	0.01277	0.01287	0.01147	0.01183	0.01343	0.0126	0.01371	0.0131	0.01328	0.01325	0.01311	0.01386	0.01138	0.01217	0.01389	0.0119	0.01195	0.01305	0.01201	0.01323	0.01287	0.01342	0.01221	0.01407	0.01328	0.01347	0.01339	0.01189	0.01236	0.01355	0.01334	0.01373	0.01303	0.01319	0.01232	0.01321	0.01255	0.01126	0.01285	0.01231	0.0139	0.01291	0.01326	0.013	0.01142	0.01284	0.0121	0.01368	0.01289	0.0126	0.01234	0.01229	0.01392	0.01261	0.01315	0.01033	0.01304	0.01312	0.01184	0.01252	0.01262	0.0123	0.01299	0.0121	0.01321	0.01382	0.01261	0.01284	0.0124	0.01376	0.01363	0.01198	0.01299	0.013	0.01232	0.01238	0.01238	0.01285	0.01273	0.01289	0.01313	0.01264	0.01308	0.01374	0.01281	0.01312	0.01344	0.01411	0.01268	0.01153	0.01302	0.01274	0.01311	0.01293	0.01266	0.01276	0.01349	0.01384	0.0129	0.01282	0.01228	0.01258	0.01288	0.01238	0.01225	0.01272	0.01155	0.01259	0.01405	0.01204
crab	0.01204	0.01131	0.01216	0.01275	0.01305	0.01298	0.01315	0.01349	0.01259	0.01358	0.01164	0.01319	0.01053	0.01331	0.01321	0.01359	0.0132	0.01303	0.01328	0.01239	0.01374	0.01333	0.01247	0.01413	0.01327	0.01401	0.01404	0.01375	0.01291	0.01373	0.01415	0.01368	0.01091	0.01235	0.01366	0.01223	0.01269	0.01123	0.01167	0.01297	0.01353	0.01257	0.01301	0.01099	0.01333	0.01319	0.0133	0.01101	0.01334	0.01347	0.0	0.01273	0.01387	0.01313	0.01232	0.01393	0.01368	0.01249	0.01349	0.0138	0.01378	0.01371	0.01323	0.01375	0.0133	0.0135	0.01357	0.01149	0.01345	0.01341	0.01408	0.01419	0.01273	0.01249	0.01331	0.0128	0.01302	0.0136	0.01333	0.0124	0.01329	0.01282	0.0135	0.01139	0.01345	0.013	0.01247	0.01322	0.01285	0.01207	0.01329	0.0133	0.01355	0.01238	0.01148	0.01191	0.01289	0.01311	0.01202	0.01336	0.01363	0.01372	0.0138	0.0131	0.0121	0.01415	0.01348	0.0139	0.01151	0.01263	0.01215	0.0131	0.01366	0.01318	0.01293	0.01292	0.01415	0.01352	0.0135	0.01195	0.01111	0.01272	0.01335	0.01437	0.01263	0.01335	0.01337	0.01346	0.0136	0.0115	0.013	0.01353	0.01267	0.01344	0.01376	0.01297	0.01363	0.0129	0.0135	0.01342	0.01299	0.01296	0.01396	0.01334	0.01356	0.01352	0.01315	0.0131	0.01349	0.01335	0.01293	0.01317	0.01351	0.01302	0.0134	0.01106	0.01298	0.01276	0.0133	0.01284	0.01272	0.01157	0.01314	0.01067	0.01335	0.01415	0.01335	0.0132	0.01352	0.01015	0.01405	0.01342	0.01292	0.01344	0.01329	0.01302	0.01366	0.01379	0.0131	0.01265	0.01295	0.01321	0.0141	0.01421	0.01286	0.01319	0.0109	0.01356	0.01338	0.01151	0.01307	0.0105	0.01216	0.01337	0.0134	0.01187	0.01182	0.0131	0.01104	0.01389	0.01294	0.01314	0.01345	0.01337	0.0136	0.01329	0.01371	0.01033	0.01238	0.01208	0.01379	0.01339	0.01354	0.01309	0.01288	0.01236	0.01324	0.01334	0.01398	0.01266	0.01408	0.01227	0.01332	0.0128	0.01238	0.01349	0.00867	0.0141	0.01293	0.01129	0.01307	0.01338	0.01347	0.01141	0.01335	0.01383	0.01313	0.0135	0.01376	0.01278
crocodile	0.01181	0.01167	0.01193	0.01133	0.00995	0.01251	0.01142	0.01206	0.01067	0.0116	0.0108	0.01287	0.01284	0.01184	0.01296	0.01234	0.01288	0.01344	0.01068	0.0114	0.01349	0.01392	0.01083	0.01334	0.01191	0.01314	0.01424	0.01228	0.01305	0.01171	0.01295	0.01332	0.01222	0.01021	0.01267	0.01133	0.01284	0.01247	0.01245	0.01066	0.01183	0.01232	0.01375	0.01359	0.01287	0.01231	0.01052	0.01291	0.01216	0.01297	0.01273	0.0	0.0131	0.01297	0.01281	0.01181	0.01068	0.01279	0.01182	0.01093	0.01302	0.0107	0.01332	0.01299	0.01116	0.012	0.0129	0.01255	0.01235	0.01067	0.01357	0.01339	0.01188	0.01349	0.01205	0.01232	0.01323	0.013	0.01272	0.01327	0.01383	0.01115	0.01198	0.01243	0.01379	0.01236	0.01109	0.012	0.01259	0.01356	0.01292	0.00984	0.01166	0.01224	0.01239	0.0122	0.01145	0.01268	0.01198	0.01371	0.01245	0.01231	0.01156	0.01195	0.01222	0.01286	0.01348	0.01202	0.01151	0.0131	0.01061	0.0121	0.01076	0.01293	0.01162	0.01119	0.01217	0.01239	0.01303	0.01175	0.01224	0.01285	0.01184	0.01469	0.01209	0.01217	0.01094	0.01287	0.0118	0.01183	0.01172	0.01075	0.01145	0.0112	0.01387	0.01217	0.01281	0.01282	0.01362	0.0135	0.01333	0.01308	0.01116	0.01137	0.01213	0.01134	0.01205	0.01186	0.0122	0.01304	0.01298	0.01326	0.01118	0.01208	0.01207	0.01301	0.0114	0.01118	0.01274	0.01377	0.01226	0.01227	0.01118	0.0112	0.01073	0.01201	0.01173	0.01102	0.01183	0.01174	0.01239	0.01301	0.00902	0.01202	0.01184	0.01212	0.01164	0.01405	0.01187	0.01279	0.01154	0.0108	0.01383	0.01293	0.01388	0.01134	0.0134	0.01241	0.01268	0.00979	0.01195	0.01236	0.01064	0.01208	0.01269	0.01308	0.01002	0.01289	0.01272	0.01316	0.01386	0.01167	0.01168	0.01382	0.01286	0.01078	0.01117	0.01286	0.01277	0.00965	0.0122	0.01315	0.01358	0.01207	0.01308	0.01306	0.01307	0.01348	0.01039	0.01188	0.0124	0.01176	0.01374	0.01212	0.01337	0.01241	0.0116	0.01424	0.0122	0.01027	0.01125	0.01259	0.01192	0.01126	0.01156	0.01068	0.01072	0.01341	0.01301	0.01095
crow	0.01259	0.01392	0.01329	0.01215	0.01266	0.01224	0.01263	0.01378	0.01225	0.0131	0.01351	0.01282	0.01349	0.01141	0.01237	0.01268	0.01336	0.01279	0.01306	0.01216	0.01147	0.01358	0.01233	0.01333	0.01388	0.01249	0.01281	0.01284	0.01302	0.01303	0.01247	0.01325	0.01296	0.01257	0.01296	0.01383	0.01319	0.01401	0.01226	0.01252	0.012	0.01356	0.01397	0.01441	0.01411	0.01201	0.01232	0.01421	0.0129	0.01324	0.01387	0.0131	0.0	0.01157	0.01423	0.01296	0.01223	0.01184	0.0133	0.01337	0.01316	0.01252	0.01175	0.01234	0.01163	0.01364	0.01154	0.01397	0.01338	0.01216	0.01354	0.01308	0.01176	0.01368	0.01223	0.01224	0.01294	0.01192	0.01353	0.01342	0.01378	0.0133	0.01337	0.0131	0.01311	0.01283	0.01288	0.01201	0.01227	0.01329	0.01256	0.01284	0.0113	0.01285	0.01357	0.01327	0.01201	0.01227	0.01349	0.012	0.01301	0.0128	0.01301	0.01302	0.0111	0.01386	0.01248	0.01276	0.01275	0.01284	0.01395	0.01329	0.01233	0.01294	0.01328	0.01285	0.0128	0.01129	0.01299	0.01305	0.01292	0.01334	0.01388	0.01383	0.0127	0.01061	0.01306	0.01311	0.01307	0.01235	0.01302	0.0127	0.01202	0.012	0.01335	0.01365	0.0127	0.01381	0.01243	0.0129	0.01325	0.0129	0.01217	0.01142	0.01183	0.01169	0.01223	0.01344	0.01261	0.01285	0.01235	0.01204	0.01262	0.01212	0.01283	0.01307	0.01292	0.01146	0.01187	0.01202	0.01385	0.01338	0.01284	0.01401	0.01158	0.01284	0.01213	0.01217	0.01178	0.01276	0.01417	0.01375	0.01167	0.01293	0.01365	0.01164	0.01103	0.01344	0.01173	0.01135	0.01194	0.01383	0.01306	0.01122	0.01359	0.01248	0.014	0.01087	0.01339	0.01358	0.0118	0.01384	0.01324	0.01293	0.01385	0.01348	0.01297	0.01344	0.0135	0.01336	0.01359	0.01259	0.01279	0.01443	0.01414	0.01321	0.01233	0.01386	0.01262	0.01366	0.013	0.01291	0.01258	0.01201	0.01124	0.01322	0.01178	0.01296	0.01281	0.01244	0.01291	0.01344	0.01324	0.01352	0.01355	0.01205	0.014	0.01473	0.01213	0.01311	0.01262	0.01336	0.01273	0.01397	0.01209	0.01241	0.0119	0.012	0.01373	0.01157
cuckoo	0.01189	0.01326	0.01262	0.01178	0.01343	0.01128	0.01282	0.01284	0.01312	0.01397	0.01277	0.01268	0.01307	0.01315	0.01188	0.01233	0.01238	0.01247	0.01308	0.01303	0.01101	0.01246	0.01232	0.01379	0.01334	0.01421	0.01378	0.01241	0.01194	0.01282	0.01322	0.01312	0.014	0.01316	0.013	0.0134	0.01297	0.01347	0.01212	0.01231	0.01339	0.013	0.01298	0.01436	0.01415	0.01262	0.01259	0.01391	0.01148	0.0133	0.01313	0.01297	0.01157	0.0	0.01311	0.0135	0.01298	0.01204	0.01341	0.01305	0.013	0.01286	0.01119	0.01164	0.01257	0.01324	0.01306	0.01264	0.01301	0.01361	0.01341	0.01302	0.01095	0.0136	0.0118	0.01267	0.01281	0.01313	0.01272	0.01277	0.01249	0.01312	0.01221	0.01304	0.01369	0.01315	0.01197	0.0123	0.01148	0.0133	0.01133	0.0126	0.01145	0.0119	0.01398	0.01347	0.01257	0.01281	0.01276	0.01189	0.01211	0.01308	0.01273	0.01205	0.01109	0.01324	0.0132	0.01342	0.01218	0.01193	0.01317	0.01316	0.01222	0.01218	0.01304	0.01294	0.01327	0.01203	0.01254	0.01222	0.01262	0.01246	0.01389	0.014	0.01212	0.01176	0.01319	0.01312	0.01267	0.01341	0.01184	0.01254	0.01211	0.01207	0.01272	0.01307	0.0138	0.0131	0.01058	0.01158	0.01233	0.01193	0.01268	0.01115	0.01403	0.01189	0.01143	0.01273	0.01267	0.01197	0.01131	0.01155	0.01331	0.01251	0.01293	0.01253	0.01402	0.01179	0.01118	0.01374	0.01337	0.01359	0.01252	0.01363	0.01235	0.01318	0.01334	0.01153	0.01258	0.01294	0.01398	0.01344	0.01336	0.01346	0.0123	0.01291	0.01261	0.01394	0.01164	0.01063	0.01194	0.01296	0.01304	0.0123	0.01368	0.01231	0.01333	0.01182	0.01312	0.0131	0.01232	0.01318	0.01276	0.01241	0.01402	0.01351	0.01279	0.0125	0.01321	0.01317	0.01291	0.01272	0.01256	0.01438	0.01251	0.01279	0.01232	0.01355	0.01319	0.01387	0.0125	0.01274	0.01342	0.01094	0.01119	0.01188	0.01257	0.0138	0.01223	0.01192	0.01325	0.01327	0.0116	0.01318	0.0128	0.01277	0.01421	0.01451	0.01177	0.01328	0.01257	0.01218	0.0124	0.01393	0.01281	0.01278	0.01259	0.01213	0.01334	0.01261
cuttlefish	0.0122	0.01182	0.0116	0.01264	0.01408	0.01225	0.01383	0.01424	0.01314	0.01371	0.01057	0.01342	0.01252	0.01362	0.01357	0.01238	0.01307	0.01377	0.01415	0.01219	0.01299	0.01328	0.01219	0.01363	0.01335	0.01374	0.01455	0.01285	0.01247	0.01185	0.01341	0.01354	0.01359	0.01342	0.01283	0.01291	0.01312	0.01209	0.01331	0.01304	0.01409	0.01263	0.01419	0.0132	0.01297	0.01215	0.01293	0.01282	0.01302	0.01363	0.01232	0.01281	0.01423	0.01311	0.0	0.01342	0.01389	0.01326	0.01343	0.01352	0.01296	0.01328	0.01367	0.01339	0.01325	0.01289	0.01379	0.0127	0.01452	0.01316	0.01366	0.0121	0.01316	0.01321	0.01192	0.01326	0.01345	0.01274	0.01324	0.01366	0.01349	0.01336	0.01337	0.01213	0.0145	0.01442	0.01232	0.01293	0.0142	0.01327	0.01294	0.01306	0.01382	0.01273	0.01332	0.01026	0.01293	0.01407	0.01205	0.01358	0.01289	0.01346	0.01378	0.01319	0.01299	0.01166	0.01321	0.01342	0.01293	0.01226	0.01201	0.01237	0.01378	0.01286	0.01356	0.01368	0.01244	0.01282	0.01275	0.01312	0.01235	0.01292	0.01219	0.0138	0.0131	0.01288	0.01436	0.01408	0.01231	0.01338	0.01314	0.01226	0.01359	0.01359	0.01356	0.01289	0.01402	0.01356	0.01377	0.01388	0.0139	0.01345	0.01374	0.01336	0.01404	0.01334	0.01333	0.01195	0.01108	0.01371	0.01332	0.01303	0.01335	0.01247	0.01292	0.01308	0.01339	0.01333	0.01381	0.01385	0.01131	0.01375	0.01328	0.01262	0.0136	0.01334	0.01331	0.0134	0.01418	0.01213	0.01182	0.01301	0.01312	0.0122	0.01368	0.01259	0.01282	0.01312	0.01383	0.01251	0.01302	0.01224	0.0136	0.01379	0.01386	0.01347	0.01268	0.01219	0.01291	0.01215	0.01281	0.01261	0.01148	0.01247	0.01337	0.01369	0.0126	0.01326	0.01154	0.01136	0.01348	0.013	0.01354	0.01334	0.01242	0.01353	0.01341	0.01239	0.01199	0.01251	0.01417	0.0139	0.01285	0.01362	0.01323	0.013	0.01315	0.01241	0.01259	0.01297	0.01373	0.01258	0.01377	0.01156	0.01224	0.01398	0.01219	0.01465	0.0124	0.01261	0.01248	0.01284	0.01291	0.0127	0.01402	0.01356	0.01337	0.01353	0.01358	0.01321
dachshund	0.01254	0.01346	0.01346	0.0119	0.01184	0.01334	0.01088	0.01249	0.01088	0.01216	0.01295	0.01321	0.01378	0.0109	0.0132	0.01229	0.01178	0.01425	0.01253	0.01199	0.01353	0.01329	0.01211	0.01297	0.01198	0.01179	0.01359	0.01375	0.01299	0.01277	0.0118	0.01363	0.01281	0.01078	0.01325	0.0121	0.01253	0.01245	0.01254	0.01256	0.01024	0.0139	0.01322	0.0137	0.01316	0.01315	0.01119	0.01334	0.01282	0.01256	0.01393	0.01181	0.01296	0.0135	0.01342	0.0	0.01217	0.01331	0.01189	0.01176	0.01386	0.01287	0.01297	0.01373	0.01243	0.01117	0.01332	0.01277	0.01298	0.01194	0.01224	0.01321	0.01257	0.01268	0.01296	0.01315	0.01421	0.01316	0.01221	0.0138	0.014	0.01073	0.01333	0.01285	0.01339	0.01128	0.01167	0.01191	0.01096	0.01292	0.01271	0.01141	0.0125	0.01265	0.01404	0.01343	0.01288	0.01276	0.01284	0.01365	0.01328	0.01177	0.012	0.01247	0.01241	0.01344	0.01447	0.01299	0.01122	0.01264	0.01183	0.01345	0.01107	0.014	0.01301	0.01301	0.0132	0.01144	0.01345	0.01339	0.01266	0.01275	0.01253	0.01492	0.01262	0.0134	0.0119	0.01384	0.01249	0.01248	0.01205	0.01271	0.01266	0.01236	0.01371	0.01399	0.01235	0.01374	0.01413	0.01245	0.01328	0.01307	0.01178	0.01189	0.00931	0.01308	0.01268	0.01275	0.01276	0.01239	0.01303	0.01285	0.01261	0.01206	0.01414	0.01293	0.01024	0.01239	0.01232	0.01282	0.01363	0.0126	0.01334	0.01258	0.01271	0.01217	0.01155	0.01132	0.01121	0.01341	0.01332	0.01346	0.01096	0.01202	0.01256	0.01121	0.01147	0.01447	0.01126	0.01275	0.01337	0.01128	0.0148	0.01339	0.01335	0.01274	0.01282	0.01297	0.01295	0.01215	0.0123	0.0135	0.01241	0.01137	0.01283	0.01318	0.01241	0.01289	0.01226	0.01338	0.01369	0.01264	0.01276	0.01342	0.01286	0.01272	0.01205	0.0132	0.0128	0.01247	0.01298	0.01308	0.01321	0.01276	0.01323	0.01296	0.01303	0.01403	0.01292	0.01313	0.01212	0.01361	0.01342	0.01174	0.01227	0.01216	0.01253	0.01317	0.0127	0.01271	0.01148	0.01276	0.01329	0.01216	0.0113	0.01297	0.01176	0.01308	0.0132	0.01166
deer	0.01338	0.013	0.01271	0.01159	0.01217	0.01286	0.01211	0.01306	0.01187	0.01236	0.01213	0.0128	0.0134	0.01165	0.01289	0.01269	0.01323	0.01348	0.01283	0.01188	0.01334	0.01364	0.01162	0.01358	0.01365	0.01338	0.0142	0.01313	0.01352	0.01284	0.01328	0.01395	0.0133	0.01106	0.01289	0.01275	0.01344	0.01301	0.01213	0.01193	0.01157	0.0134	0.01354	0.01441	0.01333	0.01278	0.0117	0.01294	0.01196	0.01289	0.01368	0.01068	0.01223	0.01298	0.01389	0.01217	0.0	0.01272	0.0124	0.01263	0.01335	0.01185	0.01292	0.01323	0.01107	0.01307	0.01302	0.01318	0.01269	0.01208	0.01394	0.01341	0.0126	0.01382	0.01267	0.01289	0.01277	0.01306	0.01239	0.01357	0.01404	0.01229	0.01261	0.01287	0.01387	0.01272	0.01243	0.01166	0.01234	0.01371	0.01316	0.01164	0.01183	0.01328	0.01392	0.01311	0.01178	0.01295	0.01248	0.01385	0.0122	0.01283	0.01173	0.01243	0.01277	0.01355	0.01363	0.01293	0.0122	0.01349	0.0125	0.01308	0.01115	0.01276	0.01287	0.01294	0.01271	0.0124	0.01276	0.01259	0.01218	0.01289	0.01334	0.0143	0.01382	0.01257	0.01224	0.0134	0.01244	0.0129	0.01215	0.01203	0.01197	0.01185	0.01366	0.0128	0.01277	0.01362	0.01372	0.01331	0.01262	0.0133	0.01172	0.01186	0.01211	0.01135	0.0121	0.01265	0.01263	0.0136	0.01281	0.01284	0.012	0.01243	0.01282	0.01316	0.01235	0.01102	0.01285	0.01348	0.01325	0.01296	0.01318	0.01366	0.01109	0.01246	0.01228	0.01173	0.01279	0.01255	0.01345	0.01384	0.01048	0.01253	0.01201	0.01235	0.01156	0.01401	0.01226	0.01302	0.01172	0.01227	0.01458	0.01219	0.01447	0.0123	0.01353	0.01284	0.013	0.01296	0.01274	0.013	0.01264	0.01255	0.01263	0.01361	0.01195	0.01264	0.01306	0.01361	0.01397	0.01205	0.01193	0.01359	0.01307	0.01222	0.01066	0.01342	0.01336	0.01266	0.01226	0.01346	0.01371	0.01286	0.01196	0.0137	0.01315	0.01404	0.01139	0.01263	0.01242	0.01296	0.01333	0.01306	0.01352	0.01214	0.01322	0.01462	0.01235	0.01263	0.01195	0.0127	0.01256	0.013	0.0115	0.01152	0.01144	0.014	0.0132	0.01135
diamondback_rattlesnake	0.01291	0.01169	0.0121	0.01111	0.01215	0.0126	0.0124	0.01353	0.01306	0.01283	0.0121	0.0123	0.0106	0.01275	0.01197	0.01217	0.01292	0.01353	0.01241	0.01124	0.013	0.0135	0.01139	0.0137	0.01332	0.01283	0.01309	0.0127	0.0134	0.01239	0.01235	0.01322	0.0128	0.01258	0.01194	0.01359	0.01365	0.01372	0.01176	0.01181	0.01249	0.0134	0.01339	0.01331	0.01361	0.01215	0.01168	0.01318	0.01108	0.01279	0.01249	0.01279	0.01184	0.01204	0.01326	0.01331	0.01272	0.0	0.01276	0.01328	0.01283	0.01218	0.01214	0.01262	0.01289	0.01327	0.01219	0.01312	0.01245	0.01222	0.01294	0.01326	0.01178	0.01368	0.01197	0.01161	0.01298	0.0128	0.01335	0.01251	0.01358	0.01288	0.01184	0.01211	0.01449	0.01124	0.01219	0.01168	0.01143	0.01203	0.01214	0.01273	0.01099	0.01324	0.01303	0.01272	0.01172	0.01286	0.01249	0.01365	0.01239	0.01238	0.01311	0.01192	0.01221	0.0136	0.01339	0.01335	0.0126	0.01346	0.01338	0.01241	0.01189	0.01193	0.01124	0.01354	0.01334	0.0126	0.01246	0.01134	0.01112	0.01276	0.01328	0.01452	0.01237	0.01271	0.0136	0.01302	0.01231	0.01219	0.01208	0.01241	0.00885	0.01204	0.01331	0.01261	0.01253	0.01278	0.01327	0.01324	0.01342	0.01313	0.01194	0.01226	0.01304	0.01097	0.00998	0.01244	0.01257	0.01339	0.01238	0.01251	0.01241	0.01271	0.01288	0.01294	0.01292	0.0105	0.01115	0.01324	0.01256	0.01269	0.01273	0.01359	0.01057	0.01226	0.01306	0.01132	0.01295	0.01011	0.01315	0.01293	0.01284	0.01316	0.01133	0.01249	0.01191	0.01353	0.01057	0.01254	0.01072	0.01305	0.01379	0.01078	0.01358	0.01149	0.01319	0.01256	0.01214	0.01267	0.01206	0.01215	0.01301	0.01317	0.01422	0.01277	0.01224	0.0127	0.01215	0.01318	0.01224	0.01156	0.01148	0.01344	0.0128	0.01145	0.01233	0.0103	0.01267	0.0137	0.01111	0.01266	0.01358	0.01192	0.01251	0.01359	0.01365	0.01403	0.01167	0.01097	0.01175	0.01238	0.01313	0.01313	0.01318	0.01016	0.01294	0.01348	0.01216	0.0126	0.01223	0.01259	0.01257	0.01316	0.01001	0.01196	0.01229	0.01335	0.01292	0.01276
dingo	0.0125	0.01317	0.01252	0.01182	0.01243	0.01259	0.01286	0.01252	0.01218	0.0127	0.01173	0.01276	0.0124	0.01232	0.01315	0.01203	0.01259	0.01302	0.01269	0.01204	0.01341	0.01391	0.01176	0.0135	0.01323	0.01412	0.01304	0.01344	0.01302	0.01264	0.01259	0.01346	0.01326	0.01285	0.01287	0.01276	0.01306	0.01222	0.01214	0.01056	0.01232	0.01334	0.01397	0.01417	0.01323	0.01304	0.0122	0.01321	0.01188	0.01171	0.01349	0.01182	0.0133	0.01341	0.01343	0.01189	0.0124	0.01276	0.0	0.01309	0.01292	0.01207	0.01325	0.01366	0.01237	0.01243	0.01338	0.01249	0.01305	0.0126	0.01152	0.01301	0.01164	0.01295	0.01286	0.01287	0.01353	0.01217	0.01323	0.01369	0.01352	0.01256	0.01242	0.01344	0.01357	0.01213	0.01239	0.01207	0.01262	0.01294	0.01295	0.01223	0.01208	0.0136	0.01255	0.01285	0.01229	0.01193	0.01297	0.01366	0.01286	0.01202	0.01283	0.01203	0.01244	0.01336	0.01419	0.01292	0.01203	0.01346	0.0114	0.01111	0.01177	0.01296	0.01237	0.0126	0.01335	0.01266	0.01236	0.01275	0.01289	0.01285	0.01319	0.01443	0.01284	0.01279	0.01239	0.01264	0.01276	0.0129	0.01242	0.01232	0.01143	0.01002	0.01345	0.01341	0.01249	0.01346	0.01361	0.01355	0.01354	0.01384	0.01159	0.01258	0.01317	0.01182	0.01176	0.0127	0.01295	0.01339	0.01303	0.01241	0.01045	0.01194	0.01297	0.01285	0.01316	0.01136	0.0121	0.0138	0.01321	0.01364	0.01333	0.01302	0.01191	0.01199	0.01237	0.01088	0.01265	0.01256	0.01324	0.01299	0.01241	0.01262	0.01175	0.01203	0.01227	0.01414	0.01191	0.01273	0.01235	0.01296	0.01377	0.01231	0.01401	0.01185	0.01359	0.01293	0.01226	0.01254	0.01293	0.01241	0.01189	0.01232	0.01342	0.01362	0.01245	0.01329	0.013	0.0135	0.01369	0.01277	0.01239	0.01407	0.01242	0.01204	0.01227	0.01354	0.01305	0.01249	0.01213	0.01259	0.01315	0.0132	0.01307	0.01355	0.01215	0.01382	0.01264	0.01236	0.01245	0.01289	0.01299	0.01328	0.01357	0.01251	0.01348	0.01403	0.01255	0.0125	0.01211	0.0127	0.01243	0.01277	0.0113	0.01044	0.01201	0.01271	0.0139	0.01139
dog	0.01196	0.01333	0.01298	0.01239	0.0124	0.01285	0.01043	0.01226	0.01282	0.01297	0.01219	0.01294	0.01241	0.01376	0.01341	0.01276	0.012	0.01378	0.0115	0.01233	0.01377	0.01349	0.011	0.01403	0.01153	0.01367	0.01406	0.01326	0.01376	0.01204	0.01307	0.01385	0.0134	0.0108	0.01364	0.01214	0.01321	0.01292	0.01315	0.01189	0.01206	0.01218	0.01382	0.01464	0.01346	0.01247	0.011	0.01407	0.01251	0.01325	0.0138	0.01093	0.01337	0.01305	0.01352	0.01176	0.01263	0.01328	0.01309	0.0	0.01357	0.01076	0.01364	0.01299	0.01253	0.01203	0.01301	0.01262	0.01243	0.01303	0.01384	0.01371	0.01162	0.01321	0.01243	0.0131	0.0141	0.01341	0.0128	0.01395	0.01393	0.01089	0.01297	0.01292	0.01316	0.01303	0.01194	0.01242	0.01218	0.01432	0.0137	0.00971	0.01321	0.01344	0.01361	0.01339	0.01261	0.01297	0.01314	0.01417	0.01304	0.01245	0.01155	0.01236	0.0129	0.01297	0.01432	0.01284	0.0121	0.01317	0.01211	0.01354	0.01026	0.01316	0.01263	0.01327	0.01249	0.01266	0.01349	0.01234	0.01298	0.01323	0.01288	0.01473	0.01328	0.01296	0.01274	0.01401	0.01235	0.01292	0.01188	0.01061	0.01244	0.01226	0.0139	0.01363	0.01261	0.01363	0.01364	0.01282	0.01329	0.01243	0.01096	0.0125	0.01318	0.01197	0.01305	0.01224	0.0126	0.01257	0.01248	0.01254	0.01224	0.01314	0.0132	0.01357	0.01233	0.01232	0.0126	0.01423	0.01276	0.01357	0.01222	0.01274	0.01225	0.01357	0.01258	0.01181	0.01272	0.01323	0.01263	0.01275	0.0113	0.01261	0.01237	0.01295	0.01305	0.01414	0.01206	0.01311	0.01245	0.01059	0.0142	0.01304	0.01361	0.01254	0.01356	0.01312	0.01349	0.01171	0.01188	0.01329	0.01189	0.01156	0.01321	0.01329	0.01265	0.0133	0.01309	0.01378	0.01299	0.01298	0.01219	0.01374	0.01323	0.01216	0.01114	0.01335	0.01301	0.01161	0.01239	0.01318	0.01329	0.01242	0.01353	0.01209	0.01355	0.01447	0.01149	0.01253	0.01263	0.01306	0.01339	0.01218	0.01288	0.01259	0.01328	0.01397	0.01239	0.0127	0.01235	0.0133	0.01337	0.01272	0.012	0.01188	0.01116	0.01371	0.01354	0.01264
dolphin	0.01292	0.01199	0.0105	0.01277	0.01334	0.01211	0.01325	0.0129	0.01378	0.0126	0.01172	0.01216	0.01328	0.0137	0.01267	0.01147	0.01315	0.01351	0.01297	0.01235	0.01278	0.0138	0.01218	0.01332	0.01376	0.01419	0.0139	0.01101	0.01094	0.01076	0.0135	0.0125	0.01414	0.0135	0.01244	0.01372	0.01173	0.01318	0.01253	0.01183	0.01382	0.01297	0.01348	0.01398	0.01274	0.01003	0.01315	0.01391	0.01208	0.01238	0.01378	0.01302	0.01316	0.013	0.01296	0.01386	0.01335	0.01283	0.01292	0.01357	0.0	0.01143	0.01387	0.01237	0.01214	0.01354	0.01225	0.01246	0.01369	0.01356	0.01414	0.01298	0.01281	0.01334	0.01298	0.01299	0.01277	0.01308	0.01285	0.01359	0.01364	0.01305	0.01231	0.01321	0.01392	0.01342	0.01224	0.01137	0.0139	0.01426	0.01205	0.01231	0.01304	0.01385	0.01372	0.01156	0.0126	0.01386	0.01207	0.01405	0.01207	0.01331	0.01334	0.01205	0.01273	0.01249	0.01345	0.01181	0.0133	0.01316	0.01331	0.01339	0.01265	0.01145	0.01251	0.01355	0.01211	0.01366	0.01019	0.01322	0.01195	0.01153	0.01308	0.0133	0.01356	0.01189	0.01423	0.01255	0.01181	0.01314	0.01266	0.01218	0.0126	0.01279	0.01326	0.01194	0.01356	0.01316	0.0138	0.01365	0.01325	0.01331	0.01225	0.01284	0.01431	0.0115	0.01269	0.01256	0.01032	0.01356	0.01351	0.01355	0.01283	0.01366	0.01289	0.01353	0.01332	0.01215	0.01351	0.01381	0.0118	0.01403	0.0128	0.01342	0.01255	0.01383	0.01291	0.01226	0.01346	0.012	0.01309	0.01282	0.01303	0.01262	0.01224	0.01256	0.01207	0.01318	0.01318	0.01305	0.01178	0.01239	0.01356	0.0134	0.0138	0.01183	0.01378	0.01281	0.01085	0.01305	0.01184	0.01245	0.01323	0.01232	0.01361	0.014	0.0131	0.01301	0.01279	0.01311	0.01304	0.01281	0.01325	0.01374	0.01232	0.01305	0.01311	0.01322	0.01143	0.01301	0.01291	0.01283	0.01232	0.01362	0.01307	0.01305	0.01383	0.0139	0.01268	0.01106	0.01293	0.01191	0.01378	0.01305	0.01263	0.01315	0.01413	0.01452	0.01291	0.01296	0.01184	0.01099	0.0134	0.01307	0.01269	0.01286	0.012	0.01318	0.0138	0.01318
donkey	0.01235	0.01175	0.01096	0.01159	0.01251	0.01282	0.01122	0.0116	0.01336	0.01145	0.01102	0.01227	0.01229	0.01314	0.01246	0.01137	0.01214	0.01338	0.00981	0.01093	0.01317	0.01373	0.01019	0.01336	0.01207	0.01333	0.01365	0.01174	0.013	0.01081	0.01281	0.01364	0.01358	0.01192	0.01288	0.01326	0.01274	0.01329	0.01275	0.01104	0.01336	0.01225	0.01407	0.01493	0.0129	0.0111	0.01073	0.01434	0.01103	0.01187	0.01371	0.0107	0.01252	0.01286	0.01328	0.01287	0.01185	0.01218	0.01207	0.01076	0.01143	0.0	0.01333	0.013	0.01145	0.01221	0.01214	0.01293	0.01234	0.0121	0.01359	0.01359	0.01164	0.01235	0.0118	0.01208	0.01346	0.01248	0.01212	0.01383	0.01411	0.01141	0.01152	0.0125	0.01301	0.01276	0.0108	0.01136	0.01359	0.01405	0.01267	0.01055	0.0126	0.01347	0.01367	0.01237	0.01082	0.01317	0.01272	0.01378	0.01198	0.01238	0.01189	0.01125	0.012	0.01288	0.01306	0.0119	0.0122	0.01349	0.01278	0.01284	0.01007	0.01176	0.01098	0.01283	0.01225	0.01298	0.01191	0.01169	0.01263	0.01241	0.01325	0.01404	0.0134	0.01207	0.0124	0.01328	0.01093	0.01241	0.01186	0.01062	0.01087	0.01103	0.01385	0.0122	0.01303	0.01254	0.01368	0.0137	0.01344	0.01314	0.01002	0.01188	0.01337	0.00981	0.01165	0.01194	0.01168	0.01331	0.01287	0.01312	0.01128	0.01332	0.01253	0.01364	0.01242	0.01106	0.01237	0.01342	0.01187	0.01359	0.01075	0.01318	0.01068	0.01288	0.01281	0.01088	0.01246	0.01222	0.01196	0.01296	0.01081	0.01267	0.01109	0.01225	0.01157	0.01319	0.0124	0.01282	0.01063	0.01143	0.01389	0.01222	0.01367	0.01073	0.01367	0.01228	0.01145	0.01158	0.0115	0.0127	0.01162	0.01163	0.01352	0.01362	0.01164	0.0128	0.01262	0.0135	0.01345	0.01142	0.01172	0.014	0.01247	0.01142	0.01141	0.013	0.01177	0.01131	0.01122	0.01278	0.01228	0.01246	0.0135	0.01342	0.01349	0.01396	0.01041	0.01125	0.0121	0.012	0.01404	0.01242	0.01304	0.01203	0.01387	0.01433	0.01185	0.01187	0.01108	0.01238	0.01219	0.01238	0.01122	0.01071	0.01073	0.01309	0.0135	0.01219
dove	0.01181	0.01376	0.01361	0.01175	0.01343	0.01188	0.01299	0.01356	0.01289	0.01363	0.01305	0.01259	0.01361	0.01288	0.01316	0.01283	0.01394	0.01359	0.01343	0.013	0.01152	0.01396	0.01249	0.01296	0.01351	0.01348	0.01355	0.01342	0.01368	0.0132	0.01338	0.01334	0.01345	0.01354	0.01334	0.01348	0.01383	0.01352	0.01325	0.01347	0.01322	0.0133	0.01418	0.01433	0.0137	0.01292	0.01254	0.01266	0.01219	0.0137	0.01323	0.01332	0.01175	0.01119	0.01367	0.01297	0.01292	0.01214	0.01325	0.01364	0.01387	0.01333	0.0	0.01217	0.01221	0.0135	0.01388	0.01308	0.01379	0.0137	0.01347	0.01252	0.01164	0.01391	0.01232	0.01375	0.01273	0.013	0.01345	0.013	0.01349	0.0137	0.01345	0.01355	0.01365	0.01308	0.0128	0.0122	0.01183	0.01297	0.0128	0.01373	0.01164	0.01245	0.01384	0.01341	0.01291	0.01336	0.0129	0.01219	0.01374	0.01332	0.01317	0.01263	0.01211	0.01353	0.01322	0.01375	0.01303	0.01203	0.01335	0.01243	0.01245	0.01307	0.01418	0.01351	0.01305	0.01144	0.01362	0.01277	0.01305	0.01379	0.01364	0.01334	0.01204	0.01137	0.01371	0.01331	0.01324	0.01314	0.01208	0.01292	0.01277	0.01279	0.01316	0.01368	0.01315	0.01374	0.0114	0.0127	0.01184	0.01316	0.01304	0.01184	0.01341	0.01295	0.01193	0.01262	0.01276	0.01224	0.01236	0.01168	0.01307	0.01202	0.01288	0.0129	0.01379	0.01238	0.01075	0.01309	0.01366	0.01364	0.01286	0.01315	0.01261	0.01325	0.013	0.01237	0.01355	0.01313	0.01368	0.01369	0.01302	0.013	0.01382	0.0121	0.01221	0.01363	0.01211	0.01086	0.01266	0.01331	0.01347	0.01182	0.01421	0.01341	0.01358	0.01164	0.01386	0.0133	0.01247	0.01338	0.01198	0.01334	0.01325	0.01398	0.01299	0.0127	0.01342	0.01329	0.01348	0.01313	0.01317	0.01324	0.01293	0.01336	0.01202	0.01398	0.01329	0.01327	0.01284	0.01414	0.01373	0.01197	0.01156	0.01253	0.01213	0.01262	0.01357	0.01344	0.01318	0.01374	0.01287	0.01301	0.01334	0.01303	0.01387	0.01456	0.01232	0.01257	0.01355	0.01354	0.01246	0.01379	0.01242	0.01312	0.01331	0.01213	0.01362	0.01267
dragonfly	0.01268	0.0133	0.01275	0.01232	0.01373	0.01022	0.01304	0.01356	0.01317	0.01328	0.0122	0.01261	0.01296	0.01354	0.01177	0.01183	0.01363	0.01305	0.01392	0.01258	0.0118	0.01346	0.01213	0.0128	0.01383	0.01431	0.01505	0.01259	0.01211	0.01179	0.0141	0.01321	0.01342	0.01341	0.01214	0.01346	0.01244	0.01306	0.01324	0.01265	0.01291	0.01236	0.0131	0.01437	0.01347	0.01174	0.0124	0.01325	0.0111	0.01334	0.01375	0.01299	0.01234	0.01164	0.01339	0.01373	0.01323	0.01262	0.01366	0.01299	0.01237	0.013	0.01217	0.0	0.01297	0.01356	0.013	0.01289	0.01392	0.0138	0.01441	0.01347	0.0119	0.01339	0.0122	0.01236	0.01278	0.01334	0.01226	0.01305	0.01398	0.01382	0.01266	0.01249	0.01462	0.01376	0.01219	0.01157	0.01283	0.0139	0.01169	0.01276	0.01234	0.01308	0.01422	0.01249	0.01301	0.01356	0.01241	0.01377	0.01308	0.01376	0.01346	0.01189	0.01286	0.01322	0.01326	0.01385	0.01325	0.01335	0.01306	0.01355	0.01208	0.01201	0.01363	0.01318	0.01265	0.01268	0.0123	0.012	0.01192	0.01236	0.01295	0.01367	0.01335	0.01232	0.01335	0.01279	0.01337	0.01313	0.01269	0.01157	0.01263	0.01301	0.01088	0.01248	0.01365	0.01338	0.0124	0.0127	0.01218	0.00984	0.01302	0.01215	0.01409	0.01192	0.0126	0.01248	0.01162	0.01297	0.01338	0.01172	0.01381	0.0127	0.01259	0.01299	0.01448	0.01215	0.01253	0.01342	0.01264	0.01335	0.01251	0.01302	0.01285	0.01301	0.01356	0.01273	0.0137	0.01255	0.0138	0.01311	0.01299	0.01391	0.01289	0.01299	0.01272	0.01317	0.01269	0.01188	0.01197	0.01248	0.01349	0.01326	0.01406	0.01289	0.01298	0.01261	0.01311	0.01304	0.01274	0.0129	0.01217	0.01328	0.01364	0.01305	0.01313	0.01215	0.01237	0.01306	0.01282	0.01323	0.01335	0.01378	0.01257	0.01348	0.01229	0.01267	0.01275	0.01338	0.01333	0.01338	0.01362	0.01264	0.01263	0.01075	0.01235	0.01362	0.01251	0.01162	0.01392	0.01185	0.01308	0.01331	0.01234	0.01333	0.01419	0.01439	0.01304	0.01314	0.0129	0.01163	0.01324	0.01413	0.01309	0.01266	0.013	0.01343	0.01416	0.01358
duck	0.01292	0.01335	0.01265	0.01169	0.01189	0.01269	0.01209	0.01276	0.01156	0.01215	0.0118	0.01324	0.01397	0.01165	0.01328	0.0124	0.01316	0.0133	0.01279	0.0122	0.01215	0.0138	0.01199	0.0136	0.01361	0.01282	0.01295	0.01275	0.01304	0.01172	0.01247	0.01361	0.0133	0.01142	0.01302	0.01314	0.0133	0.01368	0.01263	0.01258	0.01133	0.01367	0.01448	0.01435	0.014	0.01219	0.01174	0.01388	0.01223	0.01263	0.0133	0.01116	0.01163	0.01257	0.01325	0.01243	0.01107	0.01289	0.01237	0.01253	0.01214	0.01145	0.01221	0.01297	0.0	0.01248	0.01338	0.01323	0.01288	0.01174	0.01389	0.01237	0.01283	0.01324	0.01275	0.01306	0.01372	0.0112	0.01204	0.01423	0.0138	0.01266	0.01197	0.01319	0.01291	0.01257	0.01167	0.01114	0.01236	0.01368	0.01275	0.01217	0.01167	0.01271	0.01315	0.01302	0.01078	0.01168	0.01299	0.01319	0.01169	0.01279	0.01248	0.0121	0.0122	0.01261	0.01261	0.01231	0.0114	0.01304	0.01277	0.01346	0.01165	0.01214	0.01281	0.01179	0.01161	0.01146	0.01298	0.01304	0.01293	0.01331	0.01228	0.01366	0.01281	0.01041	0.01188	0.01335	0.01253	0.01176	0.0118	0.01093	0.01172	0.01236	0.01351	0.01312	0.01273	0.01281	0.01312	0.01349	0.01246	0.01361	0.01184	0.01072	0.01176	0.01153	0.01216	0.01256	0.01185	0.01388	0.01299	0.0126	0.01148	0.01261	0.01248	0.01387	0.01194	0.01031	0.01242	0.01314	0.01245	0.01321	0.01245	0.01302	0.01092	0.01205	0.01238	0.0113	0.01247	0.01251	0.01279	0.01365	0.01016	0.01194	0.01217	0.01182	0.00999	0.01293	0.01311	0.01173	0.01093	0.01121	0.01303	0.0117	0.01351	0.01083	0.01352	0.01169	0.0121	0.01255	0.01215	0.01372	0.01267	0.01181	0.01316	0.0139	0.01211	0.01292	0.01326	0.0132	0.01376	0.01232	0.01197	0.01404	0.0131	0.01207	0.01077	0.01422	0.01263	0.01223	0.0126	0.01416	0.01257	0.01252	0.01296	0.01365	0.01217	0.01338	0.01167	0.01233	0.01262	0.01352	0.01326	0.01317	0.01314	0.01224	0.01336	0.01464	0.01331	0.0117	0.01238	0.01292	0.01244	0.01306	0.01116	0.01197	0.01048	0.01292	0.01361	0.01083
eagle	0.01159	0.01309	0.01334	0.01258	0.01216	0.01229	0.01151	0.01211	0.01207	0.01267	0.01285	0.01316	0.01303	0.01315	0.0129	0.01268	0.01179	0.01389	0.01197	0.01288	0.01343	0.01276	0.01136	0.01297	0.01101	0.01382	0.01411	0.01286	0.01252	0.01262	0.01228	0.01361	0.01347	0.01196	0.01227	0.01273	0.01315	0.01281	0.01305	0.0122	0.01196	0.01345	0.01375	0.01373	0.01294	0.01335	0.01027	0.01357	0.01237	0.01321	0.0135	0.012	0.01364	0.01324	0.01289	0.01117	0.01307	0.01327	0.01243	0.01203	0.01354	0.01221	0.0135	0.01356	0.01248	0.0	0.01348	0.01255	0.01253	0.0133	0.01298	0.01252	0.01223	0.01292	0.01223	0.01334	0.01292	0.0138	0.01213	0.0141	0.01377	0.01078	0.01235	0.01296	0.01369	0.01253	0.01152	0.01267	0.01205	0.01414	0.01215	0.01168	0.01252	0.01272	0.01324	0.01268	0.01219	0.0126	0.01296	0.01396	0.01299	0.011	0.01293	0.01278	0.01256	0.01216	0.01474	0.01334	0.01159	0.01158	0.01212	0.01306	0.0118	0.01346	0.01258	0.0128	0.01297	0.01262	0.0134	0.01318	0.01343	0.01308	0.01102	0.01433	0.0133	0.01296	0.01252	0.01319	0.01248	0.01258	0.01174	0.01195	0.01267	0.01244	0.01361	0.01392	0.01222	0.01379	0.01387	0.01261	0.01278	0.01282	0.01137	0.0126	0.01299	0.01263	0.01306	0.01311	0.01226	0.01245	0.01272	0.01295	0.0116	0.01265	0.0137	0.01292	0.01206	0.01235	0.01274	0.01387	0.0128	0.01343	0.01209	0.01224	0.01248	0.01223	0.0124	0.01161	0.01324	0.0133	0.01098	0.01313	0.01162	0.01179	0.01211	0.01328	0.01262	0.01462	0.01169	0.01283	0.01218	0.01043	0.01419	0.0136	0.01381	0.01253	0.01234	0.01277	0.01315	0.01205	0.0124	0.01303	0.01208	0.01124	0.01368	0.01372	0.01223	0.01337	0.01327	0.01267	0.01314	0.01265	0.01228	0.0135	0.01234	0.01243	0.01145	0.013	0.01357	0.01217	0.01264	0.01376	0.01369	0.01272	0.01307	0.01296	0.01313	0.01295	0.01265	0.01284	0.01186	0.01321	0.01323	0.0115	0.01265	0.0125	0.01338	0.01285	0.01238	0.01248	0.01247	0.01272	0.01271	0.01244	0.01173	0.01213	0.01106	0.01378	0.01246	0.01262
earthworm	0.01313	0.01185	0.01191	0.01248	0.01258	0.01224	0.01223	0.01276	0.01256	0.01275	0.01261	0.01343	0.01234	0.01284	0.01263	0.01219	0.01275	0.01377	0.01212	0.01227	0.01361	0.01336	0.0117	0.01371	0.01297	0.01401	0.01314	0.01282	0.01257	0.01267	0.01376	0.01393	0.01319	0.01319	0.01208	0.01269	0.01156	0.01211	0.01217	0.01137	0.01308	0.01246	0.01193	0.01429	0.01282	0.01213	0.01239	0.01329	0.01199	0.01274	0.01357	0.0129	0.01154	0.01306	0.01379	0.01332	0.01302	0.01219	0.01338	0.01301	0.01225	0.01214	0.01388	0.013	0.01338	0.01348	0.0	0.01292	0.01387	0.01285	0.01312	0.01373	0.01243	0.01374	0.01349	0.0131	0.01388	0.01276	0.01229	0.01217	0.01368	0.01236	0.01222	0.01238	0.01312	0.01295	0.01317	0.01226	0.01328	0.01332	0.01273	0.01195	0.01308	0.01395	0.01349	0.01257	0.01219	0.01286	0.01196	0.01406	0.01201	0.01357	0.01219	0.01178	0.0126	0.01311	0.01422	0.01119	0.01251	0.01342	0.01316	0.01345	0.01267	0.01276	0.01172	0.01223	0.01337	0.01351	0.0121	0.01219	0.01261	0.01049	0.01348	0.01396	0.01287	0.01329	0.01307	0.01312	0.01208	0.01306	0.01245	0.01315	0.01212	0.01193	0.01279	0.01158	0.0135	0.01268	0.01382	0.01352	0.01326	0.01333	0.01214	0.01278	0.01361	0.01191	0.01255	0.01265	0.01242	0.01363	0.01276	0.01321	0.0125	0.01357	0.01327	0.01326	0.01316	0.01188	0.01338	0.01358	0.01197	0.01286	0.01279	0.01324	0.01273	0.01351	0.01286	0.01251	0.01261	0.01254	0.01407	0.01247	0.01305	0.01404	0.0115	0.01325	0.0129	0.0139	0.01159	0.01333	0.01247	0.01329	0.01441	0.01318	0.01289	0.01216	0.01338	0.01292	0.01178	0.01199	0.01256	0.01177	0.0133	0.01224	0.01411	0.01283	0.01282	0.01213	0.0121	0.01344	0.01261	0.01272	0.01357	0.01355	0.01309	0.01294	0.01356	0.01237	0.013	0.01304	0.01275	0.01201	0.01302	0.01308	0.0128	0.01323	0.01376	0.01366	0.0118	0.01158	0.01278	0.01189	0.01397	0.01252	0.01293	0.01285	0.01353	0.01434	0.01278	0.01287	0.01093	0.01163	0.01332	0.01249	0.01266	0.01217	0.01212	0.01303	0.01341	0.01258
eel	0.01163	0.01115	0.01156	0.01105	0.01338	0.01224	0.01178	0.01152	0.01232	0.01354	0.01076	0.01234	0.01119	0.01398	0.01339	0.01019	0.01055	0.01289	0.01272	0.01204	0.0132	0.01182	0.01143	0.01304	0.01287	0.01439	0.01405	0.01332	0.01254	0.01196	0.01413	0.01325	0.01259	0.01256	0.01331	0.01061	0.01075	0.00979	0.01128	0.01161	0.01315	0.01159	0.01306	0.01305	0.01146	0.01148	0.01265	0.01142	0.01084	0.01263	0.01149	0.01255	0.01397	0.01264	0.0127	0.01277	0.01318	0.01312	0.01249	0.01262	0.01246	0.01293	0.01308	0.01289	0.01323	0.01255	0.01292	0.0	0.01292	0.01364	0.01339	0.01369	0.01105	0.01094	0.01314	0.0133	0.01341	0.014	0.01112	0.01283	0.01358	0.01157	0.01313	0.01124	0.01266	0.01332	0.0126	0.0098	0.01194	0.01305	0.01287	0.01151	0.01292	0.01164	0.01289	0.01097	0.01308	0.01361	0.01175	0.01292	0.01344	0.01339	0.0119	0.01146	0.01263	0.01366	0.01399	0.01216	0.01165	0.0128	0.0116	0.01325	0.01263	0.01319	0.01243	0.01214	0.01361	0.0132	0.01314	0.01245	0.01102	0.01073	0.01326	0.01446	0.01314	0.01309	0.01266	0.01307	0.01223	0.01307	0.01174	0.01282	0.01264	0.01228	0.01314	0.01232	0.0136	0.01231	0.0137	0.01119	0.01258	0.01172	0.01172	0.01234	0.01367	0.01247	0.01313	0.0118	0.01211	0.01119	0.01224	0.01273	0.01294	0.01238	0.01303	0.01179	0.01359	0.01299	0.01256	0.01345	0.01258	0.01277	0.01326	0.01037	0.01294	0.01443	0.01216	0.01153	0.01245	0.01146	0.01392	0.01259	0.01268	0.01309	0.0127	0.01134	0.0135	0.01393	0.01283	0.01268	0.01276	0.01212	0.01417	0.01347	0.01236	0.01141	0.01053	0.01335	0.01159	0.01132	0.01243	0.01045	0.01151	0.01135	0.01306	0.01234	0.01236	0.01199	0.01066	0.01377	0.01325	0.0129	0.01311	0.01299	0.01053	0.01294	0.01302	0.01177	0.0111	0.01165	0.01382	0.01244	0.01216	0.01242	0.01239	0.01153	0.01352	0.01358	0.01342	0.01125	0.01419	0.0115	0.01273	0.01092	0.00836	0.01352	0.0112	0.01454	0.01221	0.01192	0.01115	0.01253	0.01371	0.01087	0.01284	0.01301	0.01206	0.01301	0.0145	0.01334
elephant	0.01321	0.0137	0.01325	0.01281	0.01257	0.01336	0.0126	0.01302	0.01304	0.01409	0.01339	0.01336	0.01309	0.01425	0.01353	0.01287	0.01216	0.01278	0.01268	0.01289	0.01401	0.01374	0.01258	0.01379	0.01345	0.01439	0.01436	0.01385	0.01389	0.01314	0.01328	0.01418	0.01435	0.01259	0.01386	0.01365	0.0136	0.0134	0.01246	0.01195	0.01313	0.01312	0.01449	0.01445	0.01311	0.01287	0.01185	0.01367	0.01311	0.01306	0.01345	0.01235	0.01338	0.01301	0.01452	0.01298	0.01269	0.01245	0.01305	0.01243	0.01369	0.01234	0.01379	0.01392	0.01288	0.01253	0.01387	0.01292	0.0	0.01356	0.0138	0.01389	0.01203	0.0133	0.01351	0.01278	0.01397	0.01394	0.01305	0.01433	0.01349	0.01195	0.01255	0.01352	0.01351	0.01192	0.01247	0.01269	0.01206	0.01426	0.01368	0.01139	0.01262	0.01334	0.01373	0.01332	0.01249	0.01348	0.0137	0.01377	0.01277	0.0124	0.0132	0.01281	0.01216	0.01333	0.01435	0.01342	0.01212	0.01326	0.01254	0.01304	0.01231	0.01265	0.01168	0.01315	0.01391	0.01356	0.01402	0.01137	0.01312	0.01358	0.01343	0.0148	0.01344	0.0131	0.01282	0.01278	0.01321	0.0126	0.01276	0.01268	0.01124	0.01249	0.01465	0.01358	0.0118	0.01345	0.01318	0.01342	0.01352	0.01315	0.01211	0.01304	0.01381	0.01206	0.01254	0.0136	0.01323	0.01268	0.01309	0.013	0.01215	0.0134	0.01345	0.01424	0.01345	0.01187	0.01269	0.01436	0.01417	0.01403	0.0133	0.01308	0.00997	0.01196	0.01337	0.01211	0.01329	0.01324	0.01348	0.01429	0.01293	0.01302	0.01074	0.01327	0.01347	0.01433	0.01232	0.01328	0.01078	0.01224	0.01389	0.01256	0.01401	0.01238	0.01283	0.01348	0.01373	0.01291	0.01344	0.01328	0.01315	0.01234	0.01329	0.0141	0.01241	0.0137	0.01341	0.01428	0.01345	0.01207	0.00896	0.01437	0.01378	0.00889	0.01253	0.01329	0.01357	0.01295	0.01233	0.01453	0.01429	0.01276	0.0135	0.01342	0.01393	0.01476	0.01265	0.01268	0.01275	0.01378	0.01344	0.01327	0.01317	0.01211	0.0138	0.01451	0.01272	0.01361	0.01235	0.01356	0.01318	0.01291	0.01134	0.01236	0.01247	0.01408	0.0133	0.01275
elk	0.01346	0.01281	0.01333	0.01223	0.01155	0.01319	0.01232	0.01318	0.01149	0.01168	0.01225	0.01323	0.01335	0.01037	0.0132	0.01316	0.01304	0.01302	0.01319	0.01172	0.01358	0.014	0.01203	0.01401	0.01295	0.01111	0.01325	0.01277	0.01357	0.01294	0.01272	0.01446	0.01195	0.01116	0.0135	0.01294	0.01313	0.01343	0.01264	0.01221	0.01046	0.01373	0.01387	0.0132	0.01408	0.01319	0.01237	0.01396	0.01245	0.01357	0.01341	0.01067	0.01216	0.01361	0.01316	0.01194	0.01208	0.01222	0.0126	0.01303	0.01356	0.0121	0.0137	0.0138	0.01174	0.0133	0.01285	0.01364	0.01356	0.0	0.01355	0.01316	0.01304	0.01344	0.01233	0.01304	0.01371	0.01208	0.0135	0.01381	0.01378	0.01222	0.01273	0.01262	0.01351	0.01273	0.01236	0.01233	0.01226	0.01318	0.01303	0.01209	0.01148	0.01301	0.01309	0.01286	0.01208	0.01241	0.01308	0.01409	0.01337	0.01312	0.01276	0.01271	0.01273	0.01344	0.01247	0.01256	0.01208	0.01396	0.01352	0.01285	0.01245	0.01379	0.01288	0.01254	0.01279	0.0124	0.01324	0.01346	0.01298	0.01325	0.01212	0.01451	0.0124	0.0122	0.01172	0.01271	0.01274	0.01168	0.01332	0.01176	0.01182	0.01229	0.01377	0.01353	0.01302	0.01314	0.01402	0.01386	0.01394	0.0143	0.01256	0.01222	0.01018	0.01261	0.01202	0.01327	0.01326	0.01422	0.01367	0.0131	0.01279	0.01263	0.0134	0.01331	0.01104	0.01183	0.01302	0.01282	0.01291	0.01193	0.01331	0.01338	0.01198	0.01271	0.01159	0.01182	0.01211	0.01235	0.01337	0.01363	0.01077	0.01292	0.01268	0.01205	0.01133	0.01294	0.01266	0.01333	0.01258	0.01264	0.01354	0.01231	0.01373	0.01212	0.01362	0.01251	0.0134	0.01247	0.01271	0.0135	0.01308	0.0133	0.01358	0.01303	0.01178	0.01368	0.01307	0.01377	0.01459	0.0125	0.0128	0.01442	0.01375	0.01268	0.01257	0.01327	0.01251	0.01283	0.01287	0.01339	0.01338	0.01308	0.01359	0.01397	0.01236	0.01266	0.01259	0.01258	0.01316	0.01351	0.01398	0.0133	0.01385	0.01215	0.01257	0.01443	0.01296	0.01256	0.01258	0.0129	0.01285	0.01333	0.01161	0.01254	0.012	0.01329	0.01304	0.01115
emu	0.01238	0.01405	0.01367	0.01245	0.01335	0.01349	0.01337	0.01343	0.01287	0.01349	0.01347	0.01354	0.01349	0.01323	0.01394	0.01325	0.01349	0.014	0.01351	0.01347	0.01326	0.01359	0.01287	0.01392	0.01253	0.01343	0.01363	0.01375	0.01367	0.01367	0.01275	0.01391	0.01404	0.0136	0.01295	0.01341	0.01338	0.01306	0.01345	0.01214	0.0132	0.01339	0.01374	0.01434	0.01467	0.01448	0.01288	0.0137	0.01321	0.01347	0.01408	0.01357	0.01354	0.01341	0.01366	0.01224	0.01394	0.01294	0.01152	0.01384	0.01414	0.01359	0.01347	0.01441	0.01389	0.01298	0.01312	0.01339	0.0138	0.01355	0.0	0.01282	0.01319	0.01315	0.0135	0.01463	0.01425	0.01362	0.01367	0.01368	0.01407	0.01275	0.0139	0.01379	0.01412	0.01304	0.01239	0.0134	0.01246	0.01252	0.01361	0.01321	0.0129	0.01294	0.01458	0.01326	0.01339	0.01372	0.01373	0.01318	0.01377	0.01322	0.01392	0.01364	0.01324	0.01271	0.01449	0.01328	0.01278	0.01283	0.01268	0.01252	0.01317	0.01439	0.01334	0.01356	0.01361	0.01269	0.01365	0.01391	0.01392	0.01325	0.01341	0.01472	0.01233	0.01372	0.01307	0.01336	0.01343	0.01359	0.01299	0.01322	0.01346	0.01166	0.01463	0.01382	0.01331	0.0141	0.01389	0.01352	0.01415	0.01379	0.01325	0.01258	0.01333	0.01342	0.01307	0.01373	0.01401	0.01332	0.0131	0.01302	0.01168	0.01266	0.0138	0.01336	0.01287	0.01316	0.01229	0.01399	0.01377	0.01379	0.01367	0.01346	0.01367	0.01285	0.01339	0.01286	0.01327	0.01397	0.01378	0.01313	0.0141	0.01365	0.01291	0.01315	0.01321	0.01411	0.01209	0.01352	0.01383	0.01302	0.0142	0.01325	0.01377	0.01359	0.01374	0.01328	0.01322	0.01339	0.01369	0.01368	0.01301	0.01307	0.014	0.01382	0.01377	0.01385	0.01325	0.01366	0.01377	0.0138	0.01352	0.01353	0.0137	0.01314	0.01381	0.01394	0.0137	0.01359	0.01311	0.01329	0.01399	0.01357	0.01321	0.01393	0.01252	0.01386	0.01335	0.01364	0.01324	0.01343	0.01353	0.01355	0.01354	0.01349	0.01416	0.01392	0.01319	0.01379	0.01314	0.01348	0.0133	0.01355	0.01317	0.01224	0.01368	0.01248	0.01345	0.01283
falcon	0.01185	0.01389	0.01386	0.01259	0.01374	0.01168	0.01355	0.01387	0.01296	0.0137	0.01251	0.01314	0.01387	0.01291	0.01318	0.01286	0.01327	0.01402	0.01418	0.0134	0.01208	0.01405	0.01279	0.01406	0.0136	0.01406	0.01415	0.01244	0.01286	0.01305	0.01359	0.01354	0.01376	0.0137	0.01324	0.01401	0.0137	0.01364	0.01358	0.01293	0.01327	0.01425	0.01444	0.01457	0.01428	0.01281	0.01299	0.01382	0.01291	0.01361	0.01419	0.01339	0.01308	0.01302	0.0121	0.01321	0.01341	0.01326	0.01301	0.01371	0.01298	0.01359	0.01252	0.01347	0.01237	0.01252	0.01373	0.01369	0.01389	0.01316	0.01282	0.0	0.01295	0.01379	0.01226	0.01383	0.01292	0.01248	0.01305	0.01474	0.01386	0.01365	0.01305	0.01401	0.01445	0.01344	0.01317	0.01278	0.01309	0.01411	0.01258	0.01357	0.01275	0.01267	0.01334	0.01249	0.01259	0.01393	0.01344	0.01303	0.01327	0.01249	0.01411	0.01315	0.01252	0.01078	0.01328	0.01321	0.01309	0.01099	0.01282	0.01276	0.01357	0.01366	0.01351	0.01331	0.01207	0.01091	0.01298	0.01394	0.01355	0.01347	0.01229	0.01341	0.01299	0.0119	0.01355	0.01341	0.01274	0.01358	0.013	0.01232	0.01349	0.01269	0.01376	0.01349	0.01329	0.0136	0.01377	0.01385	0.01392	0.01404	0.0134	0.01223	0.01347	0.01301	0.01277	0.01299	0.01167	0.01395	0.01323	0.01263	0.01237	0.01276	0.01349	0.01367	0.01332	0.01259	0.013	0.01345	0.01214	0.01405	0.01391	0.01366	0.0131	0.01329	0.01365	0.01253	0.01347	0.0134	0.01223	0.01355	0.01314	0.01264	0.01297	0.0132	0.01204	0.01359	0.01308	0.01182	0.01267	0.01284	0.01339	0.01266	0.01413	0.01296	0.01419	0.01105	0.01308	0.01326	0.0118	0.01416	0.01292	0.01268	0.01347	0.01467	0.01291	0.01408	0.01395	0.01204	0.01377	0.01324	0.01291	0.01369	0.01283	0.01323	0.0124	0.01417	0.01341	0.01359	0.01374	0.01384	0.01345	0.01232	0.01241	0.01425	0.01252	0.01302	0.01346	0.01346	0.01283	0.01405	0.01359	0.01305	0.01398	0.01355	0.0137	0.0144	0.01295	0.0133	0.01326	0.0128	0.0133	0.01362	0.01299	0.01283	0.01363	0.01283	0.01334	0.01307
finch	0.0108	0.01188	0.01146	0.01059	0.01255	0.0115	0.01154	0.01153	0.01228	0.0132	0.01179	0.0118	0.01173	0.01332	0.01193	0.01071	0.01142	0.01293	0.01132	0.01153	0.01216	0.01328	0.01068	0.0128	0.0122	0.01425	0.01413	0.01251	0.0129	0.01173	0.01289	0.01245	0.01296	0.01263	0.01259	0.01182	0.01235	0.01163	0.01193	0.01085	0.01244	0.0126	0.01354	0.01366	0.01299	0.01129	0.01078	0.0127	0.01083	0.0124	0.01273	0.01188	0.01176	0.01095	0.01316	0.01257	0.0126	0.01178	0.01164	0.01162	0.01281	0.01164	0.01164	0.0119	0.01283	0.01223	0.01243	0.01105	0.01203	0.01304	0.01319	0.01295	0.0	0.01231	0.01182	0.01246	0.01328	0.01299	0.01227	0.0135	0.0131	0.01139	0.01164	0.01218	0.01257	0.01194	0.0119	0.01101	0.01107	0.01302	0.01211	0.01102	0.01112	0.01176	0.01263	0.01238	0.01179	0.01283	0.01262	0.01218	0.01217	0.01247	0.01195	0.01129	0.01114	0.0135	0.01351	0.0125	0.01201	0.01167	0.012	0.01188	0.01089	0.01244	0.01155	0.01266	0.0127	0.01215	0.01226	0.01174	0.01189	0.01233	0.01327	0.01454	0.01223	0.01191	0.01242	0.0132	0.01167	0.01202	0.01081	0.01247	0.01095	0.01112	0.01282	0.01287	0.01254	0.01312	0.01229	0.01125	0.01222	0.0117	0.01054	0.01037	0.01329	0.01006	0.01099	0.01066	0.01223	0.00904	0.01028	0.01126	0.01196	0.01157	0.01208	0.01189	0.0132	0.01109	0.0107	0.0137	0.01279	0.0132	0.01211	0.01243	0.01054	0.01294	0.01186	0.01001	0.01233	0.01143	0.01272	0.01193	0.01218	0.01312	0.01177	0.01211	0.0122	0.01416	0.01031	0.01047	0.01063	0.0122	0.01355	0.0119	0.01354	0.01136	0.01223	0.01206	0.0128	0.01168	0.01088	0.0118	0.01136	0.0114	0.0133	0.01289	0.01166	0.01264	0.01206	0.01391	0.01325	0.01214	0.01143	0.01344	0.01128	0.01124	0.01159	0.01219	0.01268	0.01247	0.01197	0.01262	0.0135	0.01101	0.01185	0.01224	0.01246	0.01332	0.01181	0.01084	0.01151	0.01277	0.01174	0.01152	0.01138	0.01196	0.01302	0.01412	0.01038	0.01225	0.01092	0.01188	0.01232	0.01233	0.01127	0.01086	0.01156	0.01167	0.01357	0.01243
fin_whale	0.01256	0.01283	0.01292	0.01181	0.01356	0.01289	0.01172	0.01228	0.01312	0.01315	0.0129	0.0127	0.01247	0.01367	0.01304	0.01137	0.01188	0.01392	0.01298	0.01188	0.01356	0.01252	0.01241	0.01326	0.01341	0.01414	0.01405	0.01329	0.0129	0.01242	0.01369	0.01391	0.01349	0.0127	0.01311	0.01276	0.01204	0.01167	0.01302	0.01245	0.01327	0.01301	0.01306	0.01402	0.01292	0.01202	0.01281	0.01334	0.01212	0.01271	0.01249	0.01349	0.01368	0.0136	0.01321	0.01268	0.01382	0.01368	0.01295	0.01321	0.01334	0.01235	0.01391	0.01339	0.01324	0.01292	0.01374	0.01094	0.0133	0.01344	0.01315	0.01379	0.01231	0.0	0.01379	0.01329	0.01377	0.01392	0.01148	0.0139	0.01366	0.01222	0.01342	0.0128	0.01316	0.01349	0.01309	0.01054	0.0126	0.01362	0.01305	0.01196	0.0138	0.01308	0.01399	0.0123	0.01318	0.0136	0.01349	0.01336	0.01314	0.01322	0.01293	0.0117	0.01104	0.01384	0.01435	0.01276	0.01155	0.0133	0.01278	0.01365	0.01305	0.01357	0.01316	0.01287	0.01391	0.01303	0.01344	0.01348	0.01269	0.0121	0.01305	0.01466	0.01366	0.01299	0.01301	0.01388	0.01234	0.01317	0.01246	0.01285	0.01287	0.01245	0.01351	0.01329	0.01367	0.01213	0.01431	0.01209	0.01335	0.01146	0.01236	0.01269	0.01327	0.01312	0.0135	0.0125	0.01227	0.01246	0.01307	0.01362	0.01316	0.01358	0.01368	0.01262	0.01296	0.01331	0.01307	0.01305	0.01312	0.01307	0.01343	0.01179	0.01358	0.01414	0.01308	0.01199	0.01258	0.01275	0.01358	0.01308	0.0132	0.01352	0.01306	0.01031	0.01254	0.01421	0.0129	0.01306	0.01352	0.01256	0.01422	0.01336	0.01333	0.01267	0.01158	0.01337	0.01248	0.01252	0.01294	0.01226	0.0131	0.01237	0.01364	0.0127	0.01315	0.01309	0.0124	0.01326	0.01304	0.01158	0.01361	0.01389	0.01202	0.01344	0.01368	0.01291	0.01012	0.01272	0.0138	0.01294	0.01103	0.0134	0.01298	0.01238	0.01374	0.01388	0.01387	0.01229	0.01381	0.01303	0.0133	0.01176	0.00913	0.01391	0.01267	0.0137	0.01301	0.0133	0.01209	0.01276	0.01244	0.01267	0.01322	0.01336	0.01278	0.0134	0.01396	0.0131
flamingo	0.01185	0.01305	0.0122	0.01177	0.01323	0.01168	0.01266	0.01308	0.01242	0.01236	0.01209	0.01304	0.01263	0.01226	0.01289	0.01225	0.01287	0.01326	0.01302	0.01116	0.0115	0.01391	0.01125	0.01257	0.01291	0.0127	0.01401	0.01287	0.01302	0.01237	0.01361	0.01251	0.01283	0.01168	0.01301	0.01315	0.01325	0.01313	0.01301	0.01213	0.01258	0.01289	0.01408	0.01344	0.01359	0.01195	0.01152	0.01314	0.01199	0.01384	0.01331	0.01205	0.01223	0.0118	0.01192	0.01296	0.01267	0.01197	0.01286	0.01243	0.01298	0.0118	0.01232	0.0122	0.01275	0.01223	0.01349	0.01314	0.01351	0.01233	0.0135	0.01226	0.01182	0.01379	0.0	0.01241	0.01256	0.01274	0.01312	0.01309	0.01411	0.01243	0.01235	0.01263	0.01399	0.01332	0.01139	0.0125	0.01254	0.0126	0.01261	0.01266	0.01151	0.01227	0.01335	0.01238	0.01255	0.01286	0.01237	0.01333	0.01305	0.01266	0.01352	0.01238	0.01234	0.01274	0.01321	0.01341	0.01281	0.01201	0.01173	0.01276	0.01187	0.01267	0.01262	0.01362	0.01212	0.01164	0.0131	0.01227	0.01265	0.01337	0.0128	0.01379	0.01218	0.01209	0.01296	0.01357	0.01163	0.01256	0.01218	0.01211	0.01258	0.01235	0.01343	0.0129	0.01302	0.01344	0.01332	0.01319	0.01351	0.01325	0.01253	0.01201	0.01273	0.01169	0.01145	0.01124	0.0122	0.01284	0.01232	0.01234	0.01268	0.01079	0.01176	0.01314	0.013	0.01203	0.01184	0.01325	0.01171	0.01273	0.01187	0.0127	0.01216	0.0123	0.01268	0.01194	0.01302	0.01223	0.01214	0.01324	0.01203	0.01262	0.0128	0.01198	0.01176	0.01383	0.01188	0.01202	0.01195	0.01287	0.01369	0.01296	0.01377	0.01249	0.0134	0.0119	0.01341	0.01221	0.0116	0.01298	0.0107	0.01273	0.0135	0.0135	0.0124	0.01245	0.01277	0.01255	0.01341	0.01251	0.01176	0.01339	0.01301	0.01242	0.01202	0.013	0.01274	0.01236	0.01306	0.0133	0.01322	0.01132	0.01209	0.01275	0.01222	0.01353	0.01201	0.0119	0.01247	0.01279	0.01327	0.01212	0.0129	0.01282	0.01304	0.01388	0.01143	0.01205	0.01244	0.0131	0.01282	0.01351	0.01282	0.01177	0.01236	0.01271	0.01358	0.01278
flea	0.01306	0.01284	0.01235	0.0126	0.01326	0.01229	0.01273	0.01318	0.0131	0.01295	0.01261	0.01287	0.01248	0.01322	0.01213	0.01244	0.01278	0.01311	0.01251	0.01165	0.01255	0.01342	0.01204	0.01367	0.01346	0.01333	0.01388	0.01244	0.01305	0.01228	0.01286	0.01377	0.0134	0.01327	0.01221	0.01339	0.01257	0.01323	0.01156	0.01249	0.0132	0.01265	0.01296	0.0137	0.01393	0.01164	0.01195	0.0135	0.01248	0.01294	0.0128	0.01232	0.01224	0.01267	0.01326	0.01315	0.01289	0.01161	0.01287	0.0131	0.01299	0.01208	0.01375	0.01236	0.01306	0.01334	0.0131	0.0133	0.01278	0.01304	0.01463	0.01383	0.01246	0.01329	0.01241	0.0	0.01289	0.01271	0.01333	0.01314	0.01311	0.01324	0.01199	0.01199	0.01387	0.01245	0.0127	0.01222	0.01325	0.01302	0.01233	0.0126	0.01291	0.01309	0.01326	0.01285	0.01197	0.01293	0.01281	0.01378	0.01249	0.01219	0.0128	0.01248	0.01218	0.01332	0.01339	0.01284	0.01269	0.01357	0.01323	0.01355	0.01186	0.01165	0.01162	0.01305	0.01367	0.01333	0.01231	0.01121	0.0119	0.01245	0.01372	0.01414	0.01404	0.01305	0.01357	0.0124	0.01262	0.01269	0.01283	0.01274	0.01086	0.01233	0.01329	0.01186	0.01265	0.01373	0.01325	0.01391	0.0131	0.01349	0.01245	0.01254	0.01359	0.0114	0.0128	0.01271	0.01277	0.01377	0.01289	0.01323	0.01327	0.01322	0.01334	0.01284	0.01364	0.01143	0.01264	0.01337	0.01294	0.01314	0.01246	0.0132	0.01103	0.01253	0.01309	0.01213	0.01277	0.01178	0.0135	0.01388	0.01276	0.0137	0.01171	0.01239	0.01192	0.0136	0.01222	0.01283	0.01141	0.01331	0.01463	0.01228	0.01299	0.01154	0.01329	0.01309	0.01253	0.01248	0.01208	0.01303	0.01271	0.01264	0.01425	0.01329	0.01207	0.01232	0.01269	0.01338	0.01234	0.01192	0.01236	0.01393	0.01331	0.01217	0.01251	0.01218	0.01319	0.0134	0.01175	0.01251	0.0137	0.01302	0.01321	0.0135	0.01336	0.01394	0.0123	0.01149	0.01219	0.01236	0.01409	0.01328	0.01363	0.01191	0.01331	0.01428	0.01297	0.01272	0.01235	0.0125	0.01287	0.01342	0.01177	0.01256	0.01255	0.01366	0.01354	0.013
fly	0.01224	0.01283	0.01311	0.0135	0.01348	0.01171	0.01417	0.01411	0.0131	0.01433	0.01286	0.01198	0.01356	0.01406	0.01303	0.01315	0.01373	0.01417	0.01376	0.01305	0.01273	0.01335	0.01287	0.01389	0.01393	0.01432	0.01482	0.0123	0.01239	0.01323	0.01353	0.01355	0.01381	0.01394	0.01331	0.01375	0.01365	0.0138	0.01299	0.01309	0.01406	0.0132	0.01318	0.01377	0.01384	0.01252	0.01325	0.01342	0.01336	0.01385	0.01302	0.01323	0.01294	0.01281	0.01345	0.01421	0.01277	0.01298	0.01353	0.0141	0.01277	0.01346	0.01273	0.01278	0.01372	0.01292	0.01388	0.01341	0.01397	0.01371	0.01425	0.01292	0.01328	0.01377	0.01256	0.01289	0.0	0.01378	0.01379	0.01349	0.01372	0.01398	0.01332	0.01335	0.01495	0.0136	0.01331	0.01288	0.01366	0.01417	0.0125	0.0134	0.01333	0.01329	0.01364	0.01316	0.01294	0.01406	0.01286	0.01432	0.01381	0.01308	0.01403	0.01363	0.01269	0.01357	0.01386	0.01375	0.0135	0.01295	0.01299	0.01307	0.01351	0.01298	0.01315	0.01349	0.01382	0.01333	0.01305	0.01292	0.01305	0.01308	0.0129	0.01303	0.01369	0.01249	0.01383	0.01304	0.01331	0.01334	0.01375	0.01299	0.01312	0.01323	0.01328	0.01319	0.01396	0.01408	0.01383	0.01391	0.01309	0.01309	0.01339	0.01304	0.01421	0.01286	0.01343	0.01327	0.01285	0.01413	0.01411	0.0134	0.01334	0.0134	0.01355	0.0123	0.01408	0.01294	0.01326	0.01403	0.01298	0.01337	0.01306	0.01306	0.01292	0.01351	0.01368	0.01292	0.01388	0.01326	0.01328	0.01347	0.0132	0.0129	0.01335	0.01329	0.01299	0.01366	0.01293	0.01292	0.01272	0.01362	0.01407	0.0133	0.01442	0.01323	0.01389	0.01258	0.01314	0.01331	0.01329	0.0134	0.01282	0.0136	0.01361	0.01391	0.013	0.01377	0.01385	0.01265	0.01311	0.01305	0.01355	0.01395	0.01365	0.0135	0.01386	0.01311	0.01308	0.01319	0.01364	0.0134	0.01402	0.01323	0.01105	0.01299	0.01394	0.01356	0.0134	0.01278	0.01315	0.0126	0.01395	0.0138	0.01371	0.01312	0.01293	0.01427	0.01303	0.01286	0.01357	0.01304	0.01275	0.0136	0.01321	0.01312	0.01357	0.01415	0.01293	0.01393
fox	0.0134	0.01365	0.01343	0.01266	0.01275	0.01256	0.01349	0.01316	0.01257	0.01327	0.01263	0.01325	0.01356	0.01161	0.01306	0.01303	0.01363	0.01315	0.01366	0.01257	0.01244	0.01425	0.01304	0.01351	0.014	0.0122	0.01209	0.01333	0.01331	0.01287	0.01371	0.0135	0.01305	0.01277	0.01336	0.01385	0.0137	0.01347	0.01333	0.0127	0.01241	0.01347	0.01453	0.01386	0.01425	0.01319	0.01326	0.01441	0.01295	0.01298	0.0136	0.013	0.01192	0.01313	0.01274	0.01316	0.01306	0.0128	0.01217	0.01341	0.01308	0.01248	0.013	0.01334	0.0112	0.0138	0.01276	0.014	0.01394	0.01208	0.01362	0.01248	0.01299	0.01392	0.01274	0.01271	0.01378	0.0	0.01346	0.01427	0.01336	0.01371	0.01316	0.01309	0.01272	0.01353	0.01281	0.01288	0.01288	0.01379	0.01345	0.01258	0.01217	0.01365	0.01295	0.01261	0.01212	0.01172	0.01351	0.01316	0.01248	0.01325	0.01345	0.01309	0.0132	0.01297	0.0126	0.0137	0.01317	0.01338	0.01345	0.01288	0.01307	0.01255	0.01298	0.01237	0.01269	0.01232	0.01292	0.01297	0.01354	0.01384	0.01275	0.01395	0.01277	0.0118	0.01243	0.01344	0.01288	0.01212	0.01354	0.01233	0.01255	0.01244	0.01384	0.01386	0.01351	0.01292	0.01321	0.01372	0.01343	0.0141	0.01302	0.01293	0.01281	0.01176	0.01236	0.01257	0.01257	0.01412	0.01304	0.01199	0.01261	0.01297	0.01305	0.01394	0.013	0.01201	0.01305	0.01275	0.0129	0.01361	0.01357	0.01395	0.01188	0.01248	0.01305	0.01159	0.01302	0.01292	0.01345	0.01347	0.01268	0.01295	0.01289	0.01295	0.01141	0.01287	0.01355	0.01213	0.01237	0.01298	0.01325	0.01228	0.01339	0.01277	0.01417	0.01186	0.01365	0.0133	0.01253	0.01436	0.01271	0.01301	0.01389	0.01367	0.01311	0.01384	0.01339	0.01344	0.01423	0.01295	0.01294	0.01455	0.01385	0.01244	0.01227	0.0142	0.01309	0.01354	0.0132	0.0138	0.01305	0.01313	0.01335	0.01334	0.01254	0.01284	0.01256	0.01337	0.01329	0.01324	0.01406	0.01338	0.01382	0.01296	0.01371	0.01458	0.01251	0.01266	0.01309	0.01349	0.01288	0.01405	0.01295	0.01255	0.01264	0.01198	0.01385	0.01134
frog	0.01254	0.012	0.01183	0.01089	0.01332	0.01155	0.01199	0.01212	0.01193	0.01166	0.01192	0.0124	0.01267	0.013	0.01305	0.01048	0.01196	0.01337	0.01301	0.01168	0.01318	0.01152	0.01157	0.01301	0.01308	0.01408	0.0145	0.01302	0.01278	0.01176	0.01331	0.01395	0.01321	0.01186	0.01249	0.01239	0.01151	0.01167	0.01264	0.01215	0.01226	0.01284	0.01287	0.01417	0.01243	0.0121	0.01246	0.01268	0.00961	0.01244	0.01333	0.01272	0.01353	0.01272	0.01324	0.01221	0.01239	0.01335	0.01323	0.0128	0.01285	0.01212	0.01345	0.01226	0.01204	0.01213	0.01229	0.01112	0.01305	0.0135	0.01367	0.01305	0.01227	0.01148	0.01312	0.01333	0.01379	0.01346	0.0	0.01328	0.01355	0.01114	0.01228	0.01165	0.01315	0.01347	0.01242	0.01043	0.0119	0.0135	0.01237	0.01138	0.01266	0.01301	0.01366	0.01227	0.0124	0.01326	0.01216	0.0127	0.01246	0.01343	0.01205	0.0097	0.01247	0.01296	0.01404	0.01206	0.01172	0.01246	0.01191	0.01367	0.01226	0.01278	0.0129	0.01211	0.01256	0.01234	0.01313	0.01254	0.01183	0.01126	0.01239	0.01413	0.0133	0.01264	0.01173	0.01372	0.01167	0.01272	0.01155	0.01193	0.01276	0.01227	0.01258	0.01236	0.01341	0.01118	0.01309	0.01195	0.01211	0.01122	0.01227	0.01192	0.01287	0.01231	0.01267	0.01145	0.01177	0.01206	0.01211	0.01264	0.01299	0.01264	0.01259	0.01257	0.01251	0.01212	0.01217	0.01268	0.01235	0.01194	0.0134	0.01237	0.01265	0.01303	0.01252	0.01133	0.01191	0.01225	0.01286	0.01275	0.01171	0.01291	0.01198	0.0114	0.01236	0.01418	0.01295	0.01255	0.01249	0.01147	0.01416	0.01331	0.01277	0.01178	0.01125	0.01285	0.01178	0.01172	0.01272	0.0125	0.01198	0.01197	0.01303	0.01248	0.01278	0.0118	0.01139	0.01299	0.01292	0.01229	0.01278	0.01297	0.01098	0.01291	0.01221	0.01226	0.01223	0.01215	0.01342	0.01317	0.0121	0.01248	0.01269	0.01276	0.01385	0.01341	0.0121	0.01192	0.0132	0.01231	0.01329	0.01146	0.01044	0.01321	0.01275	0.01387	0.01222	0.01246	0.01097	0.01151	0.01259	0.01223	0.01235	0.0128	0.01204	0.01354	0.01344	0.01225
frogspawn	0.01337	0.01262	0.01265	0.01256	0.01388	0.01286	0.01349	0.01404	0.01367	0.0138	0.01282	0.01411	0.01223	0.01352	0.01282	0.01313	0.01354	0.01335	0.01365	0.01307	0.01376	0.01309	0.01272	0.01377	0.01403	0.01468	0.01423	0.01306	0.01272	0.01352	0.01384	0.01387	0.01255	0.01387	0.01249	0.01241	0.01187	0.01208	0.01132	0.0126	0.01369	0.01189	0.01149	0.01365	0.01355	0.01263	0.01302	0.01152	0.0127	0.01359	0.0124	0.01327	0.01342	0.01277	0.01366	0.0138	0.01357	0.01251	0.01369	0.01395	0.01359	0.01383	0.013	0.01305	0.01423	0.0141	0.01217	0.01283	0.01433	0.01381	0.01368	0.01474	0.0135	0.0139	0.01309	0.01314	0.01349	0.01427	0.01328	0.0	0.01391	0.01302	0.01339	0.01286	0.01402	0.01341	0.01281	0.0131	0.01338	0.01218	0.01326	0.01336	0.01314	0.01335	0.013	0.01324	0.01354	0.01345	0.0113	0.01365	0.01327	0.0135	0.01343	0.01272	0.01337	0.01418	0.01421	0.01282	0.01277	0.01383	0.01294	0.01322	0.01326	0.01272	0.0134	0.01386	0.01432	0.01412	0.01281	0.01198	0.01166	0.01131	0.01409	0.01474	0.01343	0.01362	0.01388	0.01301	0.01355	0.01313	0.01276	0.01393	0.01301	0.01324	0.01313	0.01213	0.01376	0.0131	0.01318	0.01356	0.01264	0.0129	0.01352	0.01338	0.01377	0.0139	0.01327	0.01284	0.01352	0.0136	0.01363	0.01335	0.01374	0.01352	0.01377	0.0117	0.01421	0.01295	0.01302	0.0133	0.01303	0.01325	0.01282	0.01289	0.01344	0.01415	0.01328	0.01342	0.01294	0.01207	0.0145	0.01348	0.01335	0.01396	0.01277	0.01342	0.01371	0.01448	0.01264	0.01341	0.0133	0.01362	0.01461	0.01385	0.01296	0.01325	0.01292	0.01396	0.01329	0.01299	0.01376	0.01172	0.01287	0.0138	0.01411	0.01298	0.01333	0.01208	0.01247	0.01435	0.01162	0.01302	0.01369	0.01339	0.01301	0.01379	0.01401	0.01159	0.01324	0.0129	0.01331	0.01197	0.01434	0.01335	0.01269	0.01218	0.01396	0.01406	0.01324	0.01149	0.01381	0.01124	0.01407	0.01343	0.01296	0.0133	0.01264	0.0141	0.0134	0.01294	0.01308	0.01257	0.01385	0.01278	0.01327	0.01351	0.01324	0.01338	0.01418	0.01314
gadfly	0.01238	0.01298	0.01317	0.01369	0.01354	0.01252	0.01366	0.01396	0.01415	0.01399	0.01376	0.01419	0.01336	0.01443	0.0131	0.01354	0.01376	0.01353	0.01401	0.01345	0.01267	0.01291	0.01327	0.01429	0.01412	0.01474	0.01413	0.01308	0.0126	0.01323	0.01376	0.01383	0.01426	0.01432	0.01365	0.01414	0.01335	0.01381	0.01281	0.01314	0.01436	0.01412	0.01354	0.01431	0.01411	0.01335	0.0136	0.0145	0.01364	0.01354	0.01329	0.01383	0.01378	0.01249	0.01349	0.014	0.01404	0.01358	0.01352	0.01393	0.01364	0.01411	0.01349	0.01398	0.0138	0.01377	0.01368	0.01358	0.01349	0.01378	0.01407	0.01386	0.0131	0.01366	0.01411	0.01311	0.01372	0.01336	0.01355	0.01391	0.0	0.01396	0.01363	0.01416	0.01376	0.0137	0.0141	0.01339	0.0135	0.01428	0.01311	0.01344	0.0137	0.01334	0.01328	0.01364	0.01304	0.01323	0.01331	0.01348	0.0135	0.01415	0.01339	0.01377	0.01219	0.014	0.01422	0.01296	0.01355	0.01331	0.01403	0.01382	0.01389	0.01321	0.01306	0.01326	0.01387	0.01401	0.01325	0.01303	0.01376	0.01314	0.01376	0.01461	0.01306	0.01316	0.01414	0.01317	0.01338	0.01393	0.01411	0.01367	0.0128	0.01298	0.01366	0.01375	0.01395	0.01375	0.01235	0.01394	0.01234	0.01417	0.01378	0.01334	0.01491	0.01288	0.01354	0.01411	0.013	0.01373	0.01325	0.01321	0.01408	0.01344	0.01313	0.01399	0.01393	0.01314	0.01331	0.01407	0.01331	0.01429	0.01372	0.01391	0.01323	0.01366	0.01372	0.01338	0.01386	0.01336	0.01467	0.01349	0.01428	0.01358	0.01309	0.0135	0.01321	0.0144	0.01357	0.01292	0.01296	0.0139	0.01364	0.01344	0.01361	0.01357	0.01364	0.01364	0.01346	0.01325	0.013	0.01373	0.01318	0.0134	0.01455	0.01419	0.01241	0.01375	0.01418	0.01339	0.01297	0.01381	0.01286	0.01487	0.01432	0.01312	0.01379	0.01393	0.01364	0.01325	0.01311	0.01393	0.01353	0.01354	0.01248	0.0135	0.0136	0.01366	0.01359	0.01289	0.01311	0.01301	0.01302	0.01373	0.01412	0.01347	0.01357	0.01446	0.01319	0.01332	0.01329	0.0138	0.0135	0.01367	0.01329	0.01382	0.01353	0.01383	0.01328	0.01287
gazelle	0.01248	0.01205	0.01215	0.011	0.01156	0.01277	0.01021	0.01133	0.0119	0.01187	0.0123	0.013	0.01247	0.01335	0.01343	0.01158	0.01134	0.01371	0.01123	0.01121	0.01357	0.01202	0.0106	0.01225	0.01148	0.01367	0.01392	0.013	0.01305	0.0124	0.01262	0.01377	0.01313	0.00977	0.01305	0.01063	0.01121	0.01122	0.01182	0.01108	0.01141	0.0123	0.01341	0.01417	0.01224	0.0118	0.01055	0.01331	0.0114	0.01266	0.01282	0.01115	0.0133	0.01312	0.01336	0.01073	0.01229	0.01288	0.01256	0.01089	0.01305	0.01141	0.0137	0.01382	0.01266	0.01078	0.01236	0.01157	0.01195	0.01222	0.01275	0.01365	0.01139	0.01222	0.01243	0.01324	0.01398	0.01371	0.01114	0.01302	0.01396	0.0	0.01219	0.01168	0.01296	0.0121	0.01132	0.01165	0.01153	0.014	0.01311	0.01	0.01258	0.01305	0.01381	0.01256	0.01185	0.013	0.01281	0.01376	0.0126	0.01194	0.0111	0.01159	0.01232	0.01238	0.01428	0.01174	0.01074	0.01219	0.01081	0.01309	0.01112	0.01352	0.01112	0.012	0.013	0.01248	0.01258	0.0124	0.01206	0.01116	0.01244	0.0149	0.01325	0.01342	0.01148	0.01357	0.01059	0.01228	0.01062	0.01196	0.0121	0.01202	0.01383	0.01319	0.0126	0.01278	0.01391	0.01203	0.01343	0.01238	0.01053	0.01174	0.01191	0.01161	0.01269	0.01131	0.01269	0.01152	0.01181	0.01325	0.0116	0.01226	0.01351	0.01275	0.01098	0.01188	0.01286	0.0139	0.01297	0.01284	0.01155	0.01146	0.01184	0.01289	0.01135	0.01079	0.01146	0.0126	0.01187	0.01284	0.01088	0.01215	0.01157	0.01216	0.01245	0.01473	0.01139	0.01264	0.01242	0.01094	0.01455	0.01317	0.01293	0.01182	0.01177	0.01293	0.01251	0.01081	0.01235	0.01202	0.01181	0.01058	0.01341	0.01302	0.01171	0.01273	0.01187	0.01363	0.01341	0.01213	0.01251	0.01372	0.0121	0.01159	0.01189	0.01219	0.01277	0.01119	0.01217	0.0129	0.01342	0.01199	0.01284	0.01272	0.01379	0.01407	0.0117	0.0116	0.01135	0.01274	0.0134	0.00987	0.01095	0.01269	0.01239	0.01332	0.01095	0.01225	0.01042	0.01251	0.01283	0.01129	0.01147	0.01181	0.01086	0.01345	0.0126	0.01234
gecko	0.01293	0.01249	0.01223	0.01186	0.01264	0.01225	0.01253	0.01184	0.01253	0.01244	0.01244	0.0121	0.01279	0.013	0.01277	0.01243	0.01113	0.01323	0.01138	0.01219	0.01309	0.01309	0.01201	0.01336	0.01324	0.01443	0.01406	0.01262	0.01307	0.01179	0.01257	0.01346	0.01371	0.01293	0.01241	0.01334	0.01289	0.01321	0.01182	0.01168	0.01254	0.01328	0.01298	0.01416	0.0138	0.01245	0.01174	0.01362	0.01077	0.01209	0.0135	0.01198	0.01337	0.01221	0.01337	0.01333	0.01261	0.01184	0.01242	0.01297	0.01231	0.01152	0.01345	0.01266	0.01197	0.01235	0.01222	0.01313	0.01255	0.01273	0.0139	0.01305	0.01164	0.01342	0.01235	0.01199	0.01332	0.01316	0.01228	0.01339	0.01363	0.01219	0.0	0.01298	0.0138	0.0128	0.0114	0.01182	0.01339	0.01354	0.01174	0.01181	0.0121	0.01348	0.01299	0.01294	0.01125	0.01197	0.01271	0.01346	0.01082	0.01278	0.01281	0.01107	0.0126	0.01305	0.0135	0.01306	0.01153	0.01304	0.0128	0.01349	0.01153	0.01148	0.01025	0.01225	0.01285	0.01316	0.01213	0.01192	0.01226	0.01234	0.01323	0.01438	0.01302	0.01267	0.01285	0.01246	0.01179	0.01226	0.01197	0.01238	0.01094	0.01164	0.01287	0.01171	0.01316	0.01287	0.01358	0.0136	0.01281	0.01358	0.01158	0.01139	0.01345	0.01025	0.01148	0.01222	0.01241	0.01344	0.01233	0.01324	0.01226	0.01329	0.01281	0.01358	0.01373	0.00939	0.01227	0.01424	0.01212	0.01369	0.0122	0.01298	0.01093	0.0118	0.01276	0.01078	0.01212	0.01211	0.01296	0.0128	0.01222	0.01297	0.01005	0.01261	0.0112	0.013	0.01247	0.01209	0.00979	0.0125	0.01363	0.01258	0.01261	0.00912	0.0136	0.01303	0.01149	0.01207	0.01329	0.01253	0.01241	0.01169	0.01363	0.0139	0.01236	0.01225	0.01299	0.01293	0.0132	0.01197	0.01129	0.01328	0.01167	0.01109	0.01214	0.01261	0.01324	0.01272	0.01136	0.01265	0.01307	0.01258	0.01319	0.01367	0.01371	0.01322	0.01161	0.01094	0.01182	0.01283	0.0129	0.01313	0.01322	0.01221	0.01384	0.01452	0.01242	0.01256	0.01185	0.01182	0.01153	0.01266	0.01208	0.01176	0.01212	0.01331	0.0134	0.01238
gerbil	0.01268	0.01111	0.01195	0.01137	0.01285	0.01191	0.01243	0.01259	0.01195	0.01282	0.01071	0.01277	0.01066	0.01287	0.01269	0.01205	0.01255	0.01315	0.01297	0.01031	0.01344	0.01286	0.01068	0.01274	0.01244	0.0131	0.01456	0.01296	0.01305	0.01219	0.01299	0.01431	0.01154	0.01169	0.01322	0.01188	0.01161	0.0103	0.01174	0.01191	0.01244	0.0116	0.01318	0.01212	0.01246	0.01203	0.01233	0.01205	0.01156	0.01328	0.01139	0.01243	0.0131	0.01304	0.01213	0.01285	0.01287	0.01211	0.01344	0.01292	0.01321	0.0125	0.01355	0.01249	0.01319	0.01296	0.01238	0.01124	0.01352	0.01262	0.01379	0.01401	0.01218	0.0128	0.01263	0.01199	0.01335	0.01309	0.01165	0.01286	0.01416	0.01168	0.01298	0.0	0.01318	0.01283	0.01183	0.01134	0.01278	0.01227	0.01292	0.01221	0.01307	0.01263	0.01293	0.01088	0.01204	0.0136	0.0122	0.01446	0.01316	0.01314	0.01254	0.01214	0.01286	0.01322	0.01313	0.01313	0.01188	0.01357	0.01238	0.01327	0.01218	0.01285	0.01294	0.0128	0.01286	0.0128	0.0127	0.01127	0.01056	0.01186	0.01316	0.01473	0.01346	0.01372	0.01341	0.01306	0.01229	0.01203	0.01223	0.01201	0.01175	0.01289	0.01317	0.01259	0.01316	0.01208	0.01427	0.01292	0.01315	0.01244	0.01248	0.01278	0.01314	0.01233	0.01209	0.01184	0.01208	0.01293	0.01298	0.01291	0.01272	0.01284	0.01371	0.01068	0.01282	0.01219	0.01265	0.01247	0.01173	0.01039	0.01263	0.01156	0.01198	0.01315	0.01311	0.01182	0.0127	0.01079	0.01318	0.01298	0.01212	0.01332	0.01291	0.0121	0.01261	0.01354	0.01239	0.01308	0.01218	0.01247	0.01424	0.01281	0.01304	0.01223	0.01054	0.0129	0.01297	0.01122	0.0128	0.011	0.01141	0.01199	0.01368	0.01023	0.01211	0.01177	0.00965	0.01355	0.01337	0.0128	0.01302	0.01367	0.01226	0.01262	0.01258	0.00991	0.01201	0.01221	0.01334	0.0131	0.01293	0.01267	0.01293	0.01295	0.01343	0.01311	0.01229	0.01175	0.01323	0.01139	0.01373	0.01106	0.01145	0.01271	0.01112	0.01385	0.01132	0.01149	0.01177	0.01199	0.01346	0.0116	0.01238	0.01273	0.01171	0.01389	0.01333	0.01319
gibbon	0.01341	0.01385	0.01329	0.01335	0.014	0.01396	0.01258	0.01223	0.0132	0.01326	0.01355	0.0136	0.01317	0.01327	0.0142	0.01373	0.01302	0.01303	0.01262	0.01349	0.01357	0.01377	0.01323	0.01409	0.01348	0.01396	0.01293	0.01438	0.01431	0.01371	0.01355	0.0138	0.01274	0.01351	0.01435	0.01307	0.01338	0.01315	0.01303	0.01315	0.01323	0.01392	0.01432	0.01451	0.0139	0.01425	0.01337	0.01406	0.01362	0.01358	0.01345	0.01379	0.01311	0.01369	0.0145	0.01339	0.01387	0.01449	0.01357	0.01316	0.01392	0.01301	0.01365	0.01462	0.01291	0.01369	0.01312	0.01266	0.01351	0.01351	0.01412	0.01445	0.01257	0.01316	0.01399	0.01387	0.01495	0.01272	0.01315	0.01402	0.01376	0.01296	0.0138	0.01318	0.0	0.01365	0.01361	0.01363	0.01256	0.01393	0.01361	0.01265	0.01337	0.01309	0.01309	0.01379	0.0129	0.01258	0.01429	0.01277	0.01362	0.01366	0.01312	0.01346	0.01291	0.01446	0.01379	0.01318	0.0127	0.01375	0.01355	0.01408	0.01279	0.01443	0.01357	0.01285	0.01386	0.0136	0.01384	0.01356	0.01361	0.01328	0.01418	0.01487	0.01351	0.01333	0.013	0.01364	0.01355	0.01347	0.01331	0.01337	0.01354	0.0132	0.01469	0.01436	0.01341	0.01273	0.01306	0.01333	0.01374	0.01415	0.0128	0.01359	0.01353	0.01276	0.01377	0.01365	0.01392	0.01318	0.01324	0.01269	0.01375	0.01339	0.01323	0.01354	0.01309	0.01343	0.01335	0.01221	0.01453	0.01305	0.01336	0.01332	0.01344	0.01458	0.01318	0.01261	0.01321	0.01365	0.0146	0.0135	0.01322	0.01357	0.01359	0.0134	0.01355	0.01378	0.0138	0.01274	0.0136	0.01348	0.01385	0.01353	0.0139	0.01307	0.01283	0.01325	0.01391	0.01332	0.01326	0.01396	0.01324	0.01267	0.01417	0.01292	0.01329	0.01436	0.01372	0.01527	0.01393	0.01342	0.01374	0.01477	0.01357	0.01363	0.01328	0.01418	0.01358	0.01332	0.01402	0.01402	0.01372	0.01303	0.01352	0.01376	0.0135	0.01305	0.01401	0.0139	0.01408	0.01433	0.01302	0.01327	0.01364	0.01359	0.01378	0.01468	0.0136	0.01301	0.01325	0.01407	0.01365	0.01306	0.0136	0.0138	0.0129	0.01228	0.01441	0.0121
giraffe	0.01291	0.01305	0.01335	0.01298	0.00993	0.01356	0.01155	0.01338	0.01248	0.01253	0.01291	0.01329	0.01247	0.01283	0.01315	0.01237	0.01239	0.01336	0.01266	0.01288	0.01379	0.01384	0.01204	0.01419	0.01306	0.01358	0.01326	0.01328	0.01359	0.01366	0.01172	0.01292	0.01161	0.01218	0.01265	0.01295	0.01307	0.0129	0.01151	0.01234	0.0106	0.01382	0.0126	0.01312	0.01303	0.01266	0.01173	0.0132	0.01274	0.0129	0.013	0.01236	0.01283	0.01315	0.01442	0.01128	0.01272	0.01124	0.01213	0.01303	0.01342	0.01276	0.01308	0.01376	0.01257	0.01253	0.01295	0.01332	0.01192	0.01273	0.01304	0.01344	0.01194	0.01349	0.01332	0.01245	0.0136	0.01353	0.01347	0.01341	0.0137	0.0121	0.0128	0.01283	0.01365	0.0	0.01221	0.01219	0.01139	0.01277	0.01299	0.01272	0.01197	0.01269	0.01352	0.01388	0.012	0.01275	0.01329	0.01376	0.01301	0.01123	0.01304	0.01252	0.01238	0.01358	0.01473	0.01351	0.01139	0.01353	0.01248	0.01283	0.01197	0.01346	0.01162	0.01328	0.01348	0.01338	0.01246	0.01225	0.01254	0.0129	0.01351	0.01405	0.01295	0.01314	0.01215	0.01268	0.01331	0.01145	0.01248	0.01348	0.00986	0.01216	0.01329	0.01308	0.01086	0.01398	0.01352	0.01321	0.01343	0.01352	0.01191	0.01258	0.01177	0.01252	0.01193	0.01292	0.01317	0.01297	0.01302	0.01334	0.01159	0.01318	0.0139	0.01241	0.0112	0.01101	0.01233	0.01362	0.01395	0.01194	0.01335	0.01263	0.01079	0.01211	0.01276	0.0123	0.01176	0.01223	0.01379	0.01408	0.01209	0.01319	0.01185	0.01232	0.01243	0.01482	0.01098	0.01326	0.01165	0.01243	0.01445	0.01268	0.01312	0.01225	0.01335	0.01303	0.01354	0.01295	0.01231	0.01307	0.01332	0.0128	0.01332	0.0131	0.01235	0.01301	0.01278	0.01408	0.01181	0.01298	0.01218	0.01407	0.01351	0.01202	0.01238	0.01194	0.01359	0.01286	0.01149	0.01328	0.01397	0.01267	0.01335	0.0134	0.01274	0.01435	0.01327	0.01266	0.0112	0.01336	0.01333	0.01281	0.01326	0.00947	0.01236	0.01325	0.01328	0.01192	0.01325	0.01231	0.01316	0.01247	0.00885	0.01263	0.0116	0.01336	0.01255	0.01241
goat	0.0119	0.01235	0.01188	0.01163	0.01259	0.01234	0.01132	0.01276	0.01235	0.01209	0.01144	0.01315	0.0125	0.01283	0.01269	0.01225	0.01199	0.0133	0.01172	0.01162	0.01317	0.01288	0.0111	0.01327	0.01167	0.01317	0.01423	0.01239	0.01273	0.01099	0.0123	0.01339	0.0132	0.01183	0.01271	0.01253	0.01278	0.01222	0.01199	0.01117	0.01269	0.01229	0.01356	0.01328	0.01319	0.01196	0.0097	0.01296	0.01165	0.01266	0.01247	0.01109	0.01288	0.01197	0.01232	0.01167	0.01243	0.01219	0.01239	0.01194	0.01224	0.0108	0.0128	0.01219	0.01167	0.01152	0.01317	0.0126	0.01247	0.01236	0.01239	0.01317	0.0119	0.01309	0.01139	0.0127	0.01331	0.01281	0.01242	0.01281	0.0141	0.01132	0.0114	0.01183	0.01361	0.01221	0.0	0.01221	0.01309	0.01275	0.01221	0.01113	0.01244	0.01315	0.01314	0.01153	0.01157	0.01264	0.01191	0.01356	0.01255	0.0119	0.0127	0.01189	0.01226	0.01288	0.01336	0.0133	0.01138	0.01266	0.01176	0.01251	0.01082	0.01244	0.012	0.01302	0.01223	0.0123	0.01214	0.01198	0.01216	0.01257	0.01263	0.01453	0.01291	0.01204	0.01288	0.01295	0.01215	0.01179	0.01171	0.01128	0.01199	0.01182	0.01372	0.01287	0.01268	0.01279	0.01338	0.01328	0.01345	0.01216	0.01111	0.01182	0.01279	0.0115	0.01214	0.01172	0.01172	0.01272	0.01339	0.01281	0.0114	0.0119	0.0119	0.01312	0.01206	0.0114	0.01244	0.01377	0.01171	0.01315	0.01099	0.01222	0.01159	0.0124	0.01222	0.01174	0.01245	0.01206	0.01238	0.01241	0.01175	0.01235	0.01184	0.01248	0.01168	0.01314	0.01157	0.01192	0.01154	0.0105	0.01372	0.0131	0.0128	0.01176	0.01253	0.01245	0.01259	0.01189	0.01225	0.01179	0.01136	0.01149	0.01331	0.01335	0.01237	0.01267	0.01224	0.0132	0.01295	0.01221	0.01166	0.01343	0.01218	0.01156	0.01128	0.01228	0.01207	0.01193	0.01202	0.01313	0.01352	0.01228	0.01268	0.0126	0.01301	0.01323	0.01155	0.01143	0.01223	0.01209	0.0133	0.01201	0.01234	0.01231	0.01304	0.01389	0.01138	0.01223	0.01228	0.01248	0.01297	0.01256	0.01205	0.01172	0.01096	0.01247	0.01335	0.0123
goldfish	0.0125	0.01168	0.01097	0.00961	0.01262	0.01156	0.0112	0.01215	0.01189	0.01211	0.01063	0.01163	0.01167	0.01258	0.01225	0.00884	0.01179	0.01325	0.01244	0.01027	0.0123	0.01201	0.00985	0.01209	0.01281	0.0135	0.01341	0.01232	0.01228	0.01002	0.0125	0.01338	0.01268	0.01197	0.01194	0.01231	0.01183	0.01175	0.01129	0.01107	0.0117	0.01235	0.01313	0.01363	0.01172	0.00984	0.01151	0.0127	0.00929	0.01148	0.01322	0.012	0.01201	0.0123	0.01293	0.01191	0.01166	0.01168	0.01207	0.01242	0.01137	0.01136	0.0122	0.01157	0.01114	0.01267	0.01226	0.0098	0.01269	0.01233	0.0134	0.01278	0.01101	0.01054	0.0125	0.01222	0.01288	0.01288	0.01043	0.0131	0.01339	0.01165	0.01182	0.01134	0.01363	0.01219	0.01221	0.0	0.01184	0.01289	0.01164	0.01146	0.01177	0.01278	0.01357	0.01181	0.01177	0.01244	0.01183	0.01337	0.01229	0.01194	0.01144	0.00957	0.01191	0.01251	0.01332	0.0113	0.01186	0.0128	0.01239	0.01266	0.01076	0.0124	0.01194	0.01219	0.01192	0.01183	0.01137	0.0117	0.01047	0.01102	0.01292	0.01393	0.0131	0.01125	0.01279	0.01333	0.01156	0.01251	0.01043	0.0108	0.01071	0.01166	0.01256	0.01142	0.01225	0.01214	0.01333	0.0126	0.01158	0.01214	0.0107	0.01103	0.01226	0.01016	0.01157	0.01106	0.00976	0.01225	0.01251	0.01178	0.01196	0.01242	0.01303	0.01221	0.01222	0.01082	0.0117	0.01252	0.01188	0.01256	0.01266	0.01254	0.01082	0.0126	0.01151	0.01064	0.01218	0.01133	0.01317	0.01191	0.01144	0.0124	0.01145	0.00869	0.01072	0.01338	0.01191	0.01187	0.01065	0.01147	0.01385	0.0118	0.01289	0.00984	0.01228	0.01183	0.01053	0.01225	0.01142	0.01185	0.01167	0.01105	0.01286	0.01241	0.01203	0.01152	0.01031	0.01229	0.01257	0.01126	0.01207	0.01255	0.01062	0.01225	0.01143	0.01191	0.01003	0.0123	0.01218	0.01213	0.01091	0.01225	0.01154	0.01252	0.01225	0.01341	0.01203	0.01046	0.01262	0.01146	0.01242	0.01124	0.00943	0.01145	0.01298	0.01434	0.0124	0.01203	0.01106	0.01157	0.0127	0.01197	0.01049	0.01215	0.01058	0.01306	0.01337	0.01213
goose	0.01225	0.01333	0.01331	0.01119	0.01182	0.01216	0.01149	0.01204	0.01206	0.01327	0.01323	0.01286	0.01205	0.01218	0.01298	0.01243	0.0125	0.01276	0.01287	0.01249	0.01232	0.0131	0.01178	0.01327	0.01286	0.01274	0.01355	0.01344	0.01324	0.01349	0.01333	0.01341	0.01243	0.0113	0.0131	0.01271	0.01317	0.01248	0.01221	0.01249	0.01003	0.0133	0.01292	0.01335	0.0137	0.01336	0.01217	0.01294	0.01172	0.01307	0.01285	0.01259	0.01227	0.01148	0.0142	0.01096	0.01234	0.01143	0.01262	0.01218	0.0139	0.01359	0.01183	0.01283	0.01236	0.01205	0.01328	0.01194	0.01206	0.01226	0.01246	0.01309	0.01107	0.0126	0.01254	0.01325	0.01366	0.01288	0.0119	0.01338	0.0135	0.01153	0.01339	0.01278	0.01256	0.01139	0.01309	0.01184	0.0	0.01284	0.01223	0.01178	0.01046	0.0121	0.01341	0.01337	0.01264	0.01225	0.01288	0.01266	0.01306	0.01267	0.01322	0.01236	0.01178	0.01337	0.01449	0.01338	0.01151	0.01219	0.01286	0.01314	0.01179	0.01359	0.01285	0.01292	0.01305	0.01155	0.01364	0.01233	0.01208	0.01268	0.01261	0.01443	0.01182	0.01286	0.0118	0.01304	0.01331	0.01219	0.01187	0.01209	0.01137	0.01241	0.01333	0.01361	0.01221	0.0128	0.01265	0.01123	0.01226	0.01198	0.0122	0.01212	0.01179	0.01242	0.0111	0.01241	0.0132	0.01088	0.01163	0.01163	0.01295	0.01201	0.01323	0.01202	0.01172	0.01187	0.01061	0.01299	0.01382	0.01209	0.01357	0.01268	0.01203	0.01274	0.01226	0.01118	0.01194	0.01238	0.01364	0.01305	0.01242	0.01272	0.01216	0.01188	0.01295	0.01429	0.01095	0.012	0.01258	0.01157	0.01389	0.01184	0.01361	0.01262	0.01203	0.01224	0.0137	0.0128	0.01198	0.01293	0.01239	0.01203	0.01282	0.01169	0.01244	0.013	0.01277	0.01376	0.01244	0.01297	0.0123	0.01362	0.01265	0.01242	0.0117	0.01255	0.01321	0.01337	0.01286	0.01332	0.01352	0.01177	0.01244	0.01183	0.01241	0.01376	0.01278	0.01289	0.01287	0.01353	0.01219	0.01222	0.01215	0.01177	0.01281	0.01284	0.01237	0.01279	0.01283	0.01263	0.01297	0.01313	0.01138	0.01309	0.01201	0.01268	0.01335	0.0116
gorilla	0.01274	0.0123	0.01167	0.01115	0.01348	0.01351	0.01396	0.01407	0.01243	0.01333	0.01213	0.01374	0.01039	0.01254	0.01313	0.01317	0.0143	0.0135	0.0141	0.01178	0.01379	0.01401	0.01248	0.01392	0.01386	0.0133	0.01389	0.01452	0.01372	0.01387	0.01366	0.01332	0.01116	0.01352	0.01366	0.01275	0.01355	0.01246	0.01246	0.01321	0.01301	0.0128	0.013	0.01191	0.01436	0.01428	0.01365	0.00981	0.01358	0.01365	0.01207	0.01356	0.01329	0.0133	0.01327	0.01292	0.01371	0.01203	0.01294	0.01432	0.01426	0.01405	0.01297	0.0139	0.01368	0.01414	0.01332	0.01305	0.01426	0.01318	0.01252	0.01411	0.01302	0.01362	0.0126	0.01302	0.01417	0.01379	0.0135	0.01218	0.01428	0.014	0.01354	0.01227	0.01393	0.01277	0.01275	0.01289	0.01284	0.0	0.01373	0.01423	0.01244	0.01302	0.01329	0.01232	0.01404	0.01396	0.01255	0.01321	0.01406	0.01331	0.01445	0.01341	0.01338	0.01443	0.01405	0.01372	0.01325	0.01384	0.01288	0.01274	0.01305	0.01369	0.01392	0.01402	0.01404	0.01272	0.01357	0.01233	0.01087	0.01337	0.014	0.01462	0.01285	0.01402	0.01374	0.01361	0.01383	0.01257	0.01293	0.01368	0.01235	0.01321	0.01407	0.01311	0.01348	0.01394	0.01373	0.01401	0.01342	0.01364	0.01395	0.01328	0.01274	0.01305	0.01274	0.0128	0.01387	0.0132	0.01377	0.01346	0.01364	0.01193	0.01339	0.01273	0.01367	0.01294	0.01189	0.01306	0.01355	0.01219	0.01358	0.01289	0.01327	0.01355	0.0134	0.01328	0.01294	0.01054	0.01456	0.01382	0.01371	0.01356	0.01346	0.01218	0.01325	0.01401	0.0123	0.01344	0.01325	0.01408	0.01461	0.01307	0.01345	0.01341	0.01252	0.0139	0.01399	0.01284	0.01432	0.01204	0.01244	0.01397	0.01326	0.01256	0.01274	0.01221	0.01143	0.01416	0.01251	0.01326	0.01362	0.01253	0.01331	0.01382	0.01361	0.0107	0.01397	0.01344	0.01399	0.0128	0.01417	0.01383	0.01314	0.01331	0.01277	0.0137	0.01362	0.01339	0.01405	0.01264	0.01377	0.01338	0.01375	0.01254	0.01122	0.01421	0.01313	0.01195	0.01352	0.01333	0.01408	0.01287	0.01301	0.01335	0.01403	0.01343	0.01455	0.01303
grasshopper	0.01227	0.01299	0.01265	0.01245	0.01326	0.01131	0.01292	0.01299	0.01322	0.01372	0.01286	0.01242	0.01302	0.01314	0.01212	0.01168	0.01279	0.01336	0.01311	0.01269	0.01233	0.01291	0.01199	0.01303	0.01258	0.01387	0.01423	0.01222	0.01169	0.012	0.01278	0.01337	0.01384	0.01327	0.01136	0.01356	0.01254	0.01323	0.0125	0.01299	0.01302	0.01373	0.01283	0.01433	0.01374	0.01221	0.01244	0.0137	0.01149	0.01326	0.01329	0.01292	0.01256	0.01133	0.01294	0.01271	0.01316	0.01214	0.01295	0.0137	0.01205	0.01267	0.0128	0.01169	0.01275	0.01215	0.01273	0.01287	0.01368	0.01303	0.01361	0.01258	0.01211	0.01305	0.01261	0.01233	0.0125	0.01345	0.01237	0.01326	0.01311	0.01311	0.01174	0.01292	0.01361	0.01299	0.01221	0.01164	0.01223	0.01373	0.0	0.01272	0.01249	0.01295	0.0138	0.01318	0.01221	0.01355	0.01266	0.01314	0.0124	0.01259	0.01304	0.01169	0.01199	0.01271	0.01394	0.01312	0.01213	0.01205	0.01351	0.01335	0.01312	0.01219	0.01234	0.01337	0.01306	0.01248	0.01154	0.01316	0.01241	0.01193	0.01233	0.0134	0.01313	0.01204	0.01335	0.01283	0.01214	0.01367	0.01215	0.01231	0.01216	0.01252	0.01254	0.01254	0.0133	0.01282	0.01323	0.01305	0.01225	0.01192	0.01308	0.01244	0.01344	0.01149	0.0124	0.01275	0.01154	0.0132	0.01299	0.01253	0.01324	0.01265	0.01345	0.01293	0.01312	0.01173	0.01241	0.01361	0.01228	0.0138	0.01296	0.01356	0.0126	0.01312	0.01301	0.0116	0.01281	0.01224	0.01195	0.01321	0.01276	0.01309	0.0124	0.01235	0.01204	0.01414	0.01234	0.01214	0.01219	0.01242	0.01357	0.01241	0.01383	0.01214	0.0127	0.01225	0.01226	0.0135	0.01218	0.01314	0.01313	0.01223	0.01418	0.01395	0.01268	0.013	0.01264	0.01232	0.01214	0.01186	0.01293	0.01402	0.01223	0.01241	0.01264	0.01298	0.01216	0.01394	0.01276	0.01268	0.01262	0.01202	0.01277	0.01216	0.01331	0.01309	0.01261	0.01136	0.01251	0.01284	0.01314	0.01272	0.01229	0.0125	0.01406	0.01407	0.01255	0.01348	0.01218	0.0111	0.01253	0.01382	0.01191	0.01331	0.01228	0.01365	0.01333	0.01287
grizzly_bear	0.01228	0.012	0.01187	0.01117	0.01136	0.01199	0.0105	0.01077	0.01171	0.01185	0.01173	0.01236	0.01251	0.01265	0.01278	0.01171	0.01106	0.01342	0.01067	0.01174	0.01358	0.01295	0.0108	0.01334	0.01157	0.01376	0.01401	0.01151	0.01274	0.01115	0.01305	0.01323	0.01339	0.01033	0.01249	0.01152	0.01156	0.01137	0.01184	0.01036	0.01191	0.01199	0.01283	0.01434	0.01278	0.0117	0.01026	0.01361	0.01149	0.01177	0.0133	0.00984	0.01284	0.0126	0.01306	0.01141	0.01164	0.01273	0.01223	0.00971	0.01231	0.01055	0.01373	0.01276	0.01217	0.01168	0.01195	0.01151	0.01139	0.01209	0.01321	0.01357	0.01102	0.01196	0.01266	0.0126	0.0134	0.01258	0.01138	0.01336	0.01344	0.01	0.01181	0.01221	0.01265	0.01272	0.01113	0.01146	0.01178	0.01423	0.01272	0.0	0.01241	0.01337	0.01291	0.01231	0.01087	0.01291	0.01251	0.01357	0.01161	0.01234	0.01095	0.01087	0.01131	0.01305	0.01433	0.01126	0.01043	0.01256	0.01147	0.01254	0.0109	0.0117	0.01117	0.01205	0.01255	0.01269	0.01235	0.01179	0.01227	0.01156	0.01178	0.0148	0.01283	0.01229	0.01113	0.01326	0.01099	0.01238	0.01085	0.01136	0.01155	0.01081	0.01353	0.01269	0.01306	0.01225	0.01351	0.01146	0.01292	0.01175	0.00994	0.01152	0.01267	0.01081	0.01205	0.01163	0.01166	0.01152	0.01183	0.01316	0.01154	0.01298	0.01237	0.01295	0.01173	0.01132	0.01248	0.01395	0.01286	0.01288	0.01134	0.01201	0.01115	0.01241	0.01183	0.01007	0.01135	0.01259	0.01285	0.01226	0.01082	0.01195	0.01071	0.01235	0.01192	0.01408	0.01152	0.01269	0.01122	0.01053	0.01383	0.01255	0.01355	0.01118	0.01252	0.01286	0.01238	0.01075	0.01132	0.01225	0.01157	0.01071	0.01294	0.01263	0.01157	0.01265	0.01228	0.01334	0.01272	0.0114	0.01175	0.0138	0.01215	0.01121	0.01151	0.01272	0.01186	0.01061	0.01224	0.01254	0.0125	0.01201	0.01306	0.01186	0.01376	0.01338	0.01016	0.01118	0.01174	0.01189	0.01276	0.01125	0.01167	0.01225	0.01265	0.0139	0.01078	0.01231	0.01041	0.01192	0.01173	0.01187	0.01157	0.01074	0.00999	0.01316	0.01302	0.01159
guinea_pig	0.01175	0.01321	0.01293	0.01112	0.01168	0.01211	0.0128	0.01233	0.01142	0.01248	0.01264	0.01251	0.01263	0.01152	0.01209	0.01207	0.01282	0.01235	0.01286	0.0119	0.01195	0.01387	0.01167	0.01332	0.01349	0.0126	0.01343	0.01281	0.01309	0.01278	0.01242	0.01275	0.01223	0.01251	0.01267	0.01302	0.01366	0.0136	0.01214	0.01178	0.01167	0.0135	0.01347	0.01333	0.01408	0.01295	0.01229	0.01335	0.01089	0.01281	0.01355	0.01166	0.0113	0.01145	0.01382	0.0125	0.01183	0.01099	0.01208	0.01321	0.01304	0.0126	0.01164	0.01234	0.01167	0.01252	0.01308	0.01292	0.01262	0.01148	0.0129	0.01275	0.01112	0.0138	0.01151	0.01291	0.01333	0.01217	0.01266	0.01314	0.0137	0.01258	0.0121	0.01307	0.01337	0.01197	0.01244	0.01177	0.01046	0.01244	0.01249	0.01241	0.0	0.01152	0.0133	0.01301	0.01124	0.01202	0.01326	0.01271	0.01245	0.01209	0.01335	0.01202	0.01187	0.01365	0.01343	0.01334	0.01189	0.01231	0.0129	0.01303	0.01197	0.01229	0.01253	0.01267	0.01301	0.01147	0.01288	0.0123	0.01212	0.01328	0.01293	0.01426	0.01095	0.01215	0.01239	0.01285	0.01267	0.01207	0.01225	0.01219	0.01072	0.01167	0.01289	0.01284	0.01227	0.01351	0.01255	0.01221	0.01227	0.01292	0.01234	0.01146	0.01196	0.01155	0.0099	0.01231	0.01307	0.01234	0.012	0.0117	0.01227	0.01168	0.01201	0.01279	0.01291	0.01067	0.01069	0.01279	0.01318	0.01272	0.01308	0.01324	0.01124	0.01211	0.01229	0.01132	0.01216	0.01193	0.01349	0.01341	0.01223	0.01265	0.01193	0.01197	0.01136	0.01422	0.01146	0.01157	0.01147	0.01226	0.01345	0.0116	0.01366	0.01208	0.01304	0.01204	0.01353	0.01276	0.01209	0.01337	0.01234	0.01304	0.0135	0.013	0.01144	0.01281	0.01282	0.01386	0.01322	0.01224	0.01174	0.01363	0.01299	0.01165	0.01202	0.01305	0.01372	0.01311	0.01236	0.01352	0.01409	0.01119	0.01175	0.0131	0.01108	0.0135	0.01228	0.01237	0.0126	0.0134	0.01277	0.01313	0.0135	0.0115	0.01312	0.01385	0.01174	0.01218	0.01224	0.01274	0.01188	0.0132	0.01075	0.01213	0.01203	0.01272	0.01278	0.01143
gull	0.01088	0.01305	0.01282	0.01228	0.01314	0.01236	0.01346	0.01262	0.0113	0.01315	0.01243	0.01301	0.01273	0.01261	0.01308	0.01312	0.01254	0.01294	0.01311	0.01286	0.0121	0.01412	0.01278	0.01363	0.01365	0.01386	0.01443	0.01372	0.01292	0.01373	0.0139	0.01371	0.01215	0.01306	0.01362	0.01239	0.01334	0.0131	0.01271	0.01302	0.01311	0.01273	0.01379	0.01306	0.01367	0.01314	0.0132	0.01291	0.01305	0.01413	0.01238	0.01224	0.01285	0.0119	0.01273	0.01265	0.01328	0.01324	0.0136	0.01344	0.01385	0.01347	0.01245	0.01308	0.01271	0.01272	0.01395	0.01164	0.01334	0.01301	0.01294	0.01267	0.01176	0.01308	0.01227	0.01309	0.01329	0.01365	0.01301	0.01335	0.01334	0.01305	0.01348	0.01263	0.01309	0.01269	0.01315	0.01278	0.0121	0.01302	0.01295	0.01337	0.01152	0.0	0.0132	0.01318	0.01275	0.0133	0.01309	0.01194	0.01293	0.01357	0.01345	0.01306	0.01167	0.01385	0.01381	0.01329	0.01187	0.01135	0.01215	0.01356	0.01274	0.01405	0.01314	0.0129	0.01345	0.01209	0.01377	0.01266	0.01317	0.01305	0.01298	0.01431	0.01166	0.01237	0.01258	0.01355	0.01334	0.01241	0.01326	0.01305	0.01347	0.01288	0.0133	0.01305	0.01329	0.01377	0.01275	0.0123	0.01294	0.01299	0.01349	0.01188	0.01278	0.01323	0.01206	0.01337	0.01292	0.01203	0.01225	0.01292	0.01339	0.01115	0.01354	0.01217	0.01299	0.01298	0.01195	0.01299	0.01323	0.01234	0.01326	0.01178	0.01317	0.01353	0.01346	0.01209	0.01264	0.01268	0.01384	0.01382	0.0127	0.01351	0.01322	0.01278	0.01325	0.01453	0.0127	0.01198	0.01305	0.01308	0.01348	0.01382	0.01316	0.01281	0.01245	0.01226	0.01384	0.01218	0.01242	0.01311	0.01241	0.01223	0.01299	0.0126	0.01204	0.01313	0.01208	0.01366	0.01348	0.01346	0.01342	0.01348	0.01328	0.01322	0.01336	0.01279	0.01342	0.0122	0.01358	0.01397	0.0136	0.0118	0.01235	0.01304	0.01195	0.01382	0.0136	0.0132	0.01363	0.01304	0.01277	0.01292	0.01271	0.01346	0.01199	0.0143	0.01283	0.01198	0.01298	0.01335	0.01258	0.01271	0.01298	0.01309	0.01323	0.01267	0.0128	0.01269
haddock	0.01246	0.01232	0.01248	0.01343	0.01297	0.01347	0.01379	0.01386	0.01264	0.01386	0.0123	0.01403	0.012	0.01366	0.01383	0.01373	0.0131	0.01271	0.01293	0.01323	0.01355	0.01404	0.01301	0.01465	0.01364	0.01474	0.0124	0.01274	0.01339	0.01371	0.01395	0.01352	0.01243	0.01359	0.01415	0.01317	0.01371	0.01253	0.01289	0.01222	0.01394	0.01346	0.01378	0.01262	0.01358	0.01356	0.01324	0.01255	0.01345	0.01309	0.01148	0.01239	0.01357	0.01398	0.01332	0.01404	0.01392	0.01303	0.01255	0.01361	0.01372	0.01367	0.01384	0.01422	0.01315	0.01324	0.01349	0.01289	0.01373	0.01309	0.01458	0.01334	0.01263	0.01399	0.01335	0.01326	0.01364	0.01295	0.01366	0.013	0.01328	0.01381	0.01299	0.01293	0.01309	0.01352	0.01314	0.01357	0.01341	0.01329	0.0138	0.01291	0.0133	0.0132	0.0	0.01283	0.01222	0.01211	0.01359	0.01331	0.01326	0.01351	0.01399	0.01263	0.01267	0.01397	0.01354	0.01314	0.01298	0.01381	0.01323	0.01347	0.01369	0.01338	0.01226	0.01264	0.01336	0.0139	0.01403	0.01242	0.01255	0.01363	0.0135	0.01376	0.01251	0.01335	0.01316	0.013	0.01382	0.01297	0.01326	0.01347	0.01233	0.01324	0.01398	0.01362	0.01338	0.01256	0.01314	0.01404	0.0135	0.01381	0.01358	0.01308	0.01407	0.01339	0.01282	0.01375	0.01363	0.01415	0.01293	0.01298	0.01354	0.01346	0.01317	0.01297	0.01397	0.01261	0.01332	0.01225	0.01267	0.01291	0.01394	0.01237	0.01229	0.0137	0.01312	0.01292	0.01336	0.01209	0.01415	0.01313	0.01306	0.01238	0.01303	0.01348	0.01293	0.01305	0.01325	0.0131	0.01259	0.01377	0.01324	0.01379	0.0137	0.01298	0.01289	0.01347	0.01349	0.01293	0.01306	0.01283	0.0127	0.01341	0.01432	0.01315	0.01236	0.01351	0.01319	0.01377	0.01393	0.01347	0.01288	0.01371	0.01406	0.0125	0.01335	0.01235	0.01305	0.01277	0.01337	0.01413	0.01308	0.01318	0.01329	0.01323	0.01349	0.01281	0.0133	0.01303	0.0133	0.01299	0.01341	0.01351	0.01357	0.01324	0.01125	0.01458	0.01328	0.01198	0.01337	0.01328	0.01326	0.01236	0.0132	0.01346	0.01254	0.01249	0.01384	0.01192
halibut	0.01187	0.01049	0.01054	0.01163	0.01301	0.01144	0.01262	0.01257	0.01227	0.01295	0.00994	0.01284	0.01156	0.01347	0.01307	0.01174	0.01268	0.01326	0.01325	0.01137	0.01263	0.01329	0.01142	0.01274	0.01234	0.01377	0.01454	0.01172	0.01184	0.01124	0.01372	0.01319	0.01273	0.01262	0.01278	0.01204	0.01206	0.01025	0.01274	0.01137	0.01343	0.01148	0.01379	0.01253	0.01249	0.01126	0.01235	0.01165	0.01191	0.01268	0.01191	0.0122	0.01327	0.01347	0.01026	0.01343	0.01311	0.01272	0.01285	0.01339	0.01156	0.01237	0.01341	0.01249	0.01302	0.01268	0.01257	0.01097	0.01332	0.01286	0.01326	0.01249	0.01238	0.0123	0.01238	0.01285	0.01316	0.01261	0.01227	0.01324	0.01364	0.01256	0.01294	0.01088	0.01379	0.01388	0.01153	0.01181	0.01337	0.01232	0.01318	0.01231	0.01301	0.01318	0.01283	0.0	0.01267	0.01418	0.01098	0.01343	0.0125	0.0133	0.01333	0.01227	0.01245	0.01215	0.01316	0.01253	0.01252	0.01318	0.0126	0.01211	0.01314	0.0125	0.01289	0.01322	0.01263	0.01278	0.01248	0.01206	0.01115	0.01185	0.01233	0.01372	0.01288	0.01275	0.01327	0.01321	0.01191	0.01271	0.01271	0.01194	0.01294	0.01245	0.01304	0.01212	0.01388	0.01315	0.01381	0.01331	0.0131	0.01235	0.01249	0.0125	0.01368	0.01249	0.01247	0.01177	0.01076	0.01275	0.01315	0.01308	0.01233	0.01239	0.01303	0.01221	0.01359	0.01289	0.01325	0.0134	0.01105	0.01272	0.01253	0.01116	0.01249	0.01357	0.01237	0.01286	0.01327	0.01142	0.01242	0.01269	0.01261	0.01259	0.01298	0.01187	0.01245	0.01214	0.013	0.01268	0.01228	0.01206	0.01358	0.01293	0.01365	0.01253	0.01118	0.01241	0.01216	0.01113	0.01234	0.01051	0.01102	0.01222	0.01346	0.01246	0.01183	0.01233	0.01129	0.01197	0.01328	0.01244	0.01245	0.0123	0.01197	0.0126	0.01311	0.01115	0.01175	0.01148	0.01385	0.01357	0.01272	0.01327	0.0128	0.01273	0.01296	0.01255	0.01202	0.01198	0.0135	0.0113	0.01356	0.01097	0.01164	0.01344	0.01153	0.01428	0.01129	0.01171	0.01143	0.01218	0.01275	0.01142	0.01338	0.01232	0.01247	0.0131	0.01331	0.0133
hamster	0.01196	0.01237	0.01196	0.01198	0.01184	0.01221	0.01219	0.01237	0.01185	0.01258	0.01207	0.01251	0.01266	0.01222	0.01265	0.01186	0.01178	0.01294	0.0117	0.01139	0.01243	0.013	0.01161	0.01382	0.01211	0.01358	0.01303	0.01203	0.01274	0.0116	0.01227	0.01348	0.01339	0.01178	0.01241	0.01318	0.01258	0.01313	0.01187	0.01167	0.01246	0.0131	0.01332	0.01384	0.01312	0.01177	0.01143	0.01413	0.01154	0.01199	0.01289	0.01145	0.01201	0.01257	0.01293	0.01288	0.01178	0.01172	0.01229	0.01261	0.0126	0.01082	0.01291	0.01301	0.01078	0.01219	0.01219	0.01308	0.01249	0.01208	0.01339	0.01259	0.01179	0.01318	0.01255	0.01197	0.01294	0.01212	0.0124	0.01354	0.01304	0.01185	0.01125	0.01204	0.0129	0.012	0.01157	0.01177	0.01264	0.01404	0.01221	0.01087	0.01124	0.01275	0.01222	0.01267	0.0	0.01168	0.01307	0.013	0.01097	0.01227	0.01239	0.01092	0.01166	0.01287	0.01302	0.0126	0.01031	0.01255	0.01253	0.01258	0.01196	0.0118	0.01109	0.01208	0.0125	0.01238	0.01192	0.01193	0.01274	0.0128	0.01241	0.0137	0.01236	0.01181	0.01212	0.01261	0.01184	0.01123	0.01159	0.0116	0.01041	0.01114	0.01319	0.01178	0.0126	0.0126	0.01312	0.01301	0.01294	0.01364	0.01122	0.01143	0.0127	0.01111	0.01107	0.01219	0.01198	0.01381	0.01225	0.01311	0.01088	0.01281	0.01306	0.01257	0.01248	0.00987	0.01211	0.01357	0.01205	0.01309	0.01166	0.01317	0.01039	0.01256	0.01159	0.01082	0.01221	0.01195	0.01266	0.01323	0.01083	0.01186	0.01138	0.01206	0.01071	0.01347	0.0121	0.01162	0.01019	0.01199	0.01353	0.01176	0.0132	0.01079	0.01297	0.01157	0.01251	0.01259	0.01131	0.01285	0.01254	0.01168	0.01373	0.01307	0.01076	0.01305	0.01243	0.01202	0.0131	0.01111	0.01157	0.01417	0.01236	0.0109	0.01198	0.01302	0.0122	0.01203	0.01172	0.01366	0.01255	0.01214	0.01235	0.01351	0.01311	0.01245	0.01134	0.01127	0.01196	0.01318	0.01267	0.01276	0.01302	0.01202	0.01306	0.01394	0.01188	0.01217	0.01187	0.01221	0.01055	0.01286	0.01104	0.01151	0.01068	0.01247	0.01164	0.01063
hare	0.01344	0.01413	0.01345	0.01281	0.01254	0.01334	0.01256	0.01364	0.01175	0.01306	0.01394	0.01398	0.01307	0.01244	0.0129	0.01317	0.01274	0.0132	0.01319	0.01329	0.01335	0.01327	0.01258	0.01392	0.01343	0.01317	0.01201	0.01399	0.01377	0.01296	0.01311	0.01369	0.01306	0.01251	0.01347	0.01361	0.0133	0.01361	0.01295	0.01285	0.01201	0.01419	0.01387	0.01359	0.01369	0.01363	0.01237	0.01379	0.01236	0.01322	0.01311	0.01268	0.01227	0.01281	0.01407	0.01276	0.01295	0.01286	0.01193	0.01297	0.01386	0.01317	0.01336	0.01356	0.01168	0.0126	0.01286	0.01361	0.01348	0.01241	0.01372	0.01393	0.01283	0.0136	0.01286	0.01293	0.01406	0.01172	0.01326	0.01345	0.01323	0.013	0.01197	0.0136	0.01258	0.01275	0.01264	0.01244	0.01225	0.01396	0.01355	0.01291	0.01202	0.0133	0.01211	0.01418	0.01168	0.0	0.01384	0.01324	0.01244	0.0129	0.0135	0.01235	0.01277	0.01369	0.01354	0.01359	0.01185	0.01332	0.01336	0.01369	0.01226	0.01324	0.01266	0.01278	0.01326	0.01265	0.0133	0.01275	0.01312	0.01334	0.01358	0.01506	0.01259	0.01275	0.01248	0.01274	0.01361	0.01238	0.01187	0.01248	0.01197	0.01242	0.0132	0.01337	0.01274	0.01342	0.01284	0.01344	0.01307	0.01391	0.01222	0.01245	0.01242	0.01231	0.0123	0.01329	0.01338	0.01399	0.01294	0.0124	0.01285	0.01309	0.01304	0.01315	0.01312	0.01081	0.01257	0.01259	0.01354	0.01341	0.01321	0.0136	0.01205	0.01264	0.01269	0.01207	0.01279	0.01303	0.0141	0.01314	0.0127	0.01275	0.01226	0.01271	0.01177	0.01348	0.01272	0.01203	0.01217	0.01309	0.0131	0.01262	0.01343	0.01205	0.01392	0.01231	0.01333	0.01346	0.01326	0.0136	0.01312	0.01274	0.01403	0.01333	0.013	0.01332	0.01321	0.01381	0.01409	0.01311	0.01277	0.01403	0.01367	0.01244	0.0125	0.01382	0.01322	0.0133	0.01305	0.01369	0.01278	0.01307	0.01273	0.01359	0.01272	0.01314	0.01283	0.01264	0.01326	0.01397	0.01327	0.01386	0.01341	0.01243	0.01366	0.0146	0.01347	0.01344	0.0133	0.0132	0.01258	0.01393	0.01199	0.01289	0.01203	0.01238	0.01334	0.01078
harvestman	0.01172	0.01005	0.01077	0.01183	0.01269	0.0109	0.01262	0.01325	0.01272	0.0128	0.01104	0.01341	0.01185	0.01335	0.01287	0.01194	0.01298	0.01373	0.01277	0.01208	0.01351	0.01319	0.01163	0.01287	0.01292	0.01455	0.01497	0.01207	0.01115	0.01188	0.01364	0.01342	0.01237	0.01312	0.01199	0.01204	0.01179	0.01131	0.01146	0.01143	0.01302	0.01149	0.01187	0.01306	0.01265	0.01128	0.01148	0.01095	0.012	0.01304	0.01202	0.01198	0.01349	0.01276	0.01205	0.01284	0.01248	0.01249	0.01297	0.01314	0.01207	0.01272	0.0129	0.01241	0.01299	0.01296	0.01196	0.01175	0.0137	0.01308	0.01373	0.01344	0.01262	0.01349	0.01237	0.01281	0.01286	0.01351	0.01216	0.0113	0.01331	0.01281	0.01271	0.0122	0.01429	0.01329	0.01191	0.01183	0.01288	0.01255	0.01266	0.01251	0.01326	0.01309	0.01359	0.01098	0.01307	0.01384	0.0	0.01371	0.01228	0.01361	0.01253	0.01246	0.01289	0.01351	0.01446	0.01238	0.01295	0.01299	0.01152	0.01238	0.01224	0.01222	0.01276	0.01333	0.01299	0.01308	0.01189	0.01132	0.01093	0.01032	0.01327	0.01424	0.01309	0.0125	0.01374	0.01294	0.01187	0.01297	0.01215	0.01262	0.01258	0.01239	0.01251	0.01104	0.01356	0.013	0.01362	0.01381	0.01222	0.01249	0.01236	0.01295	0.01354	0.01231	0.01223	0.01178	0.01158	0.013	0.01326	0.01312	0.01287	0.01239	0.01267	0.01224	0.01373	0.01206	0.01331	0.01389	0.01143	0.0129	0.01227	0.01175	0.01218	0.01321	0.01236	0.01247	0.0131	0.01133	0.01322	0.01271	0.01204	0.01297	0.01211	0.01237	0.01272	0.01367	0.01232	0.01291	0.01208	0.0125	0.01462	0.01302	0.01375	0.01263	0.01248	0.01291	0.0112	0.01104	0.01272	0.0103	0.01153	0.01213	0.01314	0.01317	0.01209	0.01135	0.0117	0.01268	0.01228	0.01227	0.01256	0.01174	0.01249	0.01291	0.01305	0.01131	0.01282	0.01162	0.0134	0.01207	0.01378	0.01342	0.01251	0.01239	0.01338	0.0137	0.0128	0.01155	0.01326	0.00925	0.01394	0.01217	0.01256	0.0132	0.01155	0.01442	0.01274	0.01169	0.01172	0.01193	0.01369	0.01146	0.013	0.0121	0.01271	0.0138	0.0141	0.01314
hawk	0.01276	0.01373	0.01334	0.0127	0.01345	0.01292	0.01416	0.01345	0.0133	0.01376	0.01392	0.01366	0.01383	0.01326	0.01323	0.01309	0.01323	0.01325	0.01403	0.01377	0.01187	0.01375	0.01377	0.0137	0.014	0.01386	0.01233	0.01369	0.01357	0.01333	0.01414	0.01343	0.01336	0.0139	0.01394	0.01347	0.01335	0.01383	0.01352	0.01335	0.0134	0.01409	0.01431	0.01413	0.01436	0.01375	0.01378	0.01341	0.01306	0.01358	0.01336	0.01371	0.012	0.01189	0.01358	0.01365	0.01385	0.01365	0.01366	0.01417	0.01405	0.01378	0.01219	0.01377	0.01319	0.01396	0.01406	0.01292	0.01377	0.01409	0.01318	0.01303	0.01218	0.01336	0.01333	0.01378	0.01432	0.01316	0.0127	0.01365	0.01348	0.01376	0.01346	0.01446	0.01277	0.01376	0.01356	0.01337	0.01266	0.01321	0.01314	0.01357	0.01271	0.01194	0.01331	0.01343	0.013	0.01324	0.01371	0.0	0.01368	0.0142	0.01388	0.01302	0.01187	0.0141	0.01364	0.01361	0.01302	0.01178	0.01362	0.01323	0.01356	0.01392	0.01388	0.01268	0.01432	0.01284	0.01392	0.01385	0.01352	0.01369	0.01376	0.01442	0.01187	0.01203	0.01274	0.0139	0.01324	0.01376	0.01343	0.01397	0.01379	0.01243	0.01378	0.01367	0.01395	0.0132	0.01151	0.01204	0.01335	0.01365	0.01355	0.01205	0.01377	0.01342	0.01278	0.01346	0.01376	0.01241	0.01239	0.01181	0.01386	0.01241	0.01286	0.01341	0.01364	0.01317	0.01219	0.01255	0.01419	0.01376	0.0138	0.01358	0.01326	0.01396	0.01325	0.01278	0.013	0.01357	0.0141	0.0143	0.01322	0.01367	0.01404	0.0126	0.0136	0.01421	0.01315	0.01065	0.01331	0.0142	0.01257	0.01357	0.01377	0.01341	0.01363	0.01273	0.01402	0.01357	0.01297	0.01388	0.01333	0.01311	0.01355	0.01447	0.0131	0.01413	0.01386	0.01356	0.01364	0.01326	0.01385	0.01419	0.01292	0.01355	0.01364	0.01415	0.01303	0.01389	0.0143	0.0134	0.01335	0.01245	0.01228	0.01279	0.01194	0.01306	0.01397	0.01367	0.01362	0.0142	0.01316	0.01391	0.01321	0.01409	0.01364	0.01508	0.01299	0.0136	0.01315	0.0141	0.01281	0.01398	0.01372	0.01309	0.01371	0.01018	0.01446	0.01217
hedgehog	0.01313	0.01252	0.01195	0.01226	0.01314	0.0128	0.01231	0.01278	0.0125	0.01285	0.01271	0.01237	0.01296	0.01317	0.0128	0.01211	0.01187	0.01321	0.01237	0.01266	0.01321	0.01322	0.01239	0.0139	0.0132	0.01446	0.01416	0.01255	0.01261	0.01157	0.01381	0.01293	0.01403	0.01301	0.01301	0.01346	0.01305	0.0132	0.01262	0.01172	0.01327	0.01272	0.01318	0.01469	0.01363	0.01234	0.01207	0.01369	0.01147	0.01193	0.01363	0.01245	0.01301	0.01211	0.01289	0.01328	0.0122	0.01239	0.01286	0.01304	0.01207	0.01198	0.01374	0.01308	0.01169	0.01299	0.01201	0.01344	0.01277	0.01337	0.01377	0.01327	0.01217	0.01314	0.01305	0.01249	0.01381	0.01248	0.01246	0.01327	0.0135	0.0126	0.01082	0.01316	0.01362	0.01301	0.01255	0.01229	0.01306	0.01406	0.0124	0.01161	0.01245	0.01293	0.01326	0.0125	0.01097	0.01244	0.01228	0.01368	0.0	0.01335	0.0126	0.01144	0.012	0.01263	0.01437	0.01249	0.01184	0.0129	0.01273	0.01312	0.01218	0.01267	0.01122	0.01267	0.01241	0.01314	0.01238	0.01258	0.01267	0.01203	0.01273	0.01387	0.01311	0.01266	0.01284	0.01328	0.01208	0.01298	0.01173	0.01278	0.01163	0.01158	0.01298	0.01193	0.01355	0.01287	0.01337	0.01343	0.01279	0.01339	0.01209	0.01191	0.01349	0.0114	0.01195	0.01204	0.01169	0.01375	0.0125	0.01325	0.01202	0.01307	0.01276	0.01348	0.01341	0.01098	0.01293	0.01381	0.01228	0.01388	0.01295	0.01331	0.01174	0.01268	0.01241	0.01124	0.01275	0.01218	0.0134	0.01313	0.01295	0.0129	0.01075	0.0128	0.01234	0.0138	0.01228	0.01236	0.01169	0.01199	0.01406	0.01263	0.01379	0.01123	0.01324	0.01232	0.01158	0.0128	0.01191	0.01218	0.01259	0.0117	0.01388	0.01328	0.01186	0.0126	0.01242	0.01262	0.01306	0.01161	0.01223	0.01332	0.01231	0.01154	0.01221	0.01345	0.01349	0.01308	0.01209	0.01304	0.01299	0.01297	0.01317	0.01359	0.01377	0.01368	0.01179	0.01165	0.01275	0.01302	0.01318	0.01298	0.01312	0.01289	0.01383	0.01446	0.01249	0.01308	0.0117	0.01165	0.01224	0.01314	0.0123	0.012	0.01212	0.01299	0.01324	0.01168
horse	0.0125	0.01361	0.01321	0.01209	0.01181	0.01304	0.01185	0.01316	0.01273	0.0126	0.01302	0.0131	0.01273	0.01294	0.01297	0.0124	0.01228	0.01391	0.01297	0.01214	0.01343	0.01362	0.01182	0.01398	0.01266	0.01298	0.01332	0.01285	0.01323	0.01239	0.01031	0.0135	0.01326	0.01299	0.01246	0.0129	0.01328	0.01323	0.01251	0.01239	0.01227	0.01354	0.01357	0.01385	0.01376	0.01265	0.01129	0.0131	0.01267	0.01274	0.01372	0.01231	0.0128	0.01308	0.01346	0.01177	0.01283	0.01238	0.01202	0.01245	0.01331	0.01238	0.01332	0.01376	0.01279	0.011	0.01357	0.01339	0.0124	0.01312	0.01322	0.01249	0.01247	0.01322	0.01266	0.01219	0.01308	0.01325	0.01343	0.0135	0.01415	0.01194	0.01278	0.01314	0.01366	0.01123	0.0119	0.01194	0.01267	0.01331	0.01259	0.01234	0.01209	0.01357	0.01351	0.0133	0.01227	0.0129	0.01361	0.0142	0.01335	0.0	0.01336	0.0129	0.01286	0.01217	0.01475	0.0132	0.01224	0.01339	0.01253	0.01265	0.01062	0.01293	0.01311	0.01342	0.01313	0.01222	0.01265	0.01285	0.01219	0.01287	0.01314	0.0143	0.01345	0.01331	0.0131	0.01345	0.01288	0.01283	0.01161	0.0119	0.01141	0.0122	0.01357	0.01319	0.01002	0.01425	0.01352	0.01327	0.01329	0.01359	0.01148	0.01305	0.01284	0.01209	0.01211	0.01348	0.01253	0.01331	0.01291	0.01236	0.01186	0.01307	0.01377	0.01315	0.01224	0.01214	0.01227	0.01357	0.0142	0.01381	0.01278	0.01301	0.01137	0.01207	0.01286	0.01242	0.01281	0.01259	0.01295	0.01313	0.01244	0.0121	0.01193	0.01226	0.01221	0.0142	0.01094	0.01344	0.01188	0.01165	0.01436	0.01232	0.01374	0.01232	0.01339	0.01242	0.01323	0.01295	0.01255	0.01315	0.01254	0.01177	0.01369	0.01408	0.01212	0.01306	0.01323	0.01336	0.01277	0.01244	0.01224	0.01308	0.01281	0.012	0.01175	0.01273	0.01327	0.01315	0.01151	0.01339	0.0136	0.01251	0.01306	0.01362	0.01314	0.01388	0.01289	0.01268	0.01173	0.01312	0.0137	0.01326	0.01317	0.01096	0.01339	0.01351	0.01253	0.01242	0.01314	0.0126	0.01326	0.01251	0.01083	0.01254	0.01134	0.0141	0.01242	0.01273
hyena	0.013	0.01225	0.0131	0.0123	0.01271	0.01304	0.01165	0.01165	0.01252	0.01246	0.01219	0.01278	0.01336	0.01335	0.01328	0.01202	0.01204	0.01397	0.01182	0.01238	0.01396	0.01268	0.01198	0.01304	0.01255	0.01441	0.01405	0.01302	0.01327	0.01233	0.01319	0.01471	0.01364	0.01166	0.01305	0.01144	0.01151	0.0124	0.01182	0.0117	0.01278	0.01298	0.01339	0.01502	0.01251	0.0119	0.01185	0.01372	0.01204	0.0128	0.0138	0.01156	0.01301	0.01273	0.01378	0.012	0.01173	0.01311	0.01283	0.01155	0.01334	0.01189	0.01317	0.01346	0.01248	0.01293	0.01219	0.0119	0.0132	0.01276	0.01392	0.01411	0.01195	0.01293	0.01352	0.0128	0.01403	0.01345	0.01205	0.01343	0.01339	0.0111	0.01281	0.01254	0.01312	0.01304	0.0127	0.01144	0.01322	0.01445	0.01304	0.01095	0.01335	0.01345	0.01399	0.01333	0.01239	0.0135	0.01253	0.01388	0.0126	0.01336	0.0	0.01168	0.01246	0.01348	0.01317	0.01155	0.01172	0.01326	0.01253	0.01352	0.01197	0.01346	0.01243	0.01188	0.01318	0.01352	0.01281	0.01281	0.01284	0.01136	0.01376	0.01425	0.01364	0.01304	0.01248	0.01382	0.0114	0.01347	0.01133	0.0127	0.01219	0.01163	0.01365	0.01262	0.01339	0.01302	0.01353	0.0132	0.013	0.01308	0.01131	0.01181	0.01319	0.01184	0.0129	0.01154	0.01243	0.01278	0.01213	0.01269	0.01237	0.01331	0.01332	0.01324	0.01236	0.012	0.01327	0.01392	0.01282	0.01341	0.01225	0.01269	0.01172	0.01375	0.01249	0.01056	0.01249	0.01327	0.01343	0.01282	0.01122	0.0135	0.01228	0.01227	0.01227	0.01392	0.01231	0.01287	0.01238	0.01186	0.01428	0.01296	0.01341	0.012	0.01361	0.01294	0.0125	0.01149	0.01244	0.01238	0.01246	0.01194	0.01332	0.01351	0.01216	0.01265	0.01262	0.01332	0.01365	0.01215	0.01308	0.0139	0.01205	0.01212	0.01208	0.0134	0.0129	0.012	0.01266	0.0121	0.01329	0.01252	0.01299	0.01294	0.01415	0.01391	0.01131	0.01174	0.01237	0.01263	0.01296	0.01187	0.01237	0.0132	0.01337	0.01473	0.01271	0.01248	0.01075	0.01249	0.0128	0.01204	0.0124	0.01165	0.01048	0.01324	0.01375	0.01226
iguana	0.01303	0.01239	0.01153	0.01037	0.01252	0.012	0.01191	0.01206	0.01191	0.01197	0.01169	0.01218	0.01188	0.01214	0.01239	0.01006	0.01128	0.01298	0.01194	0.01113	0.01245	0.0124	0.01072	0.01298	0.01251	0.01415	0.01345	0.01212	0.01278	0.0109	0.01264	0.01312	0.01354	0.01154	0.01219	0.01273	0.012	0.01198	0.01203	0.01123	0.01226	0.01255	0.0129	0.01385	0.0123	0.01125	0.0119	0.01331	0.00787	0.01149	0.0131	0.01195	0.01302	0.01205	0.01319	0.01247	0.01243	0.01192	0.01203	0.01236	0.01205	0.01125	0.01263	0.01189	0.0121	0.01278	0.01178	0.01146	0.01281	0.01271	0.01364	0.01315	0.01129	0.0117	0.01238	0.01248	0.01363	0.01309	0.0097	0.01272	0.01377	0.01159	0.01107	0.01214	0.01346	0.01252	0.01189	0.00957	0.01236	0.01341	0.01169	0.01087	0.01202	0.01306	0.01263	0.01227	0.01092	0.01235	0.01246	0.01302	0.01144	0.0129	0.01168	0.0	0.01187	0.01336	0.01376	0.01185	0.01093	0.01266	0.01211	0.01305	0.01112	0.01178	0.01158	0.0121	0.01258	0.01292	0.01244	0.01196	0.01142	0.01141	0.01296	0.01387	0.01274	0.01228	0.01229	0.01333	0.01166	0.01233	0.01083	0.01181	0.01107	0.01073	0.01286	0.01156	0.01287	0.0111	0.01276	0.0125	0.01232	0.01248	0.0111	0.01145	0.01313	0.01086	0.01116	0.0111	0.01156	0.0127	0.01163	0.01276	0.01205	0.01277	0.01249	0.01243	0.01271	0.01041	0.01173	0.01296	0.01226	0.01242	0.0124	0.01294	0.01146	0.01245	0.01145	0.01031	0.0117	0.01165	0.01332	0.01266	0.01193	0.01251	0.01086	0.01099	0.01104	0.01398	0.01196	0.01186	0.01124	0.0118	0.01349	0.01251	0.01263	0.00999	0.01234	0.01258	0.01147	0.01197	0.01222	0.0121	0.0121	0.01141	0.01344	0.01254	0.012	0.01155	0.01144	0.01286	0.01306	0.01121	0.01227	0.01315	0.01061	0.01197	0.01221	0.01241	0.01121	0.01263	0.01177	0.01261	0.0116	0.01234	0.01253	0.01271	0.01351	0.01324	0.01152	0.01071	0.01239	0.01245	0.01271	0.01173	0.01079	0.01254	0.01347	0.01376	0.01237	0.0125	0.01117	0.01122	0.01162	0.01272	0.01142	0.01179	0.01094	0.01269	0.01372	0.01096
jackdaw	0.01099	0.01245	0.01207	0.01204	0.0126	0.01176	0.01192	0.0129	0.01248	0.01308	0.01224	0.01267	0.01249	0.01273	0.01255	0.01179	0.01205	0.0126	0.01251	0.01203	0.01151	0.0126	0.01182	0.01359	0.01268	0.01376	0.01384	0.01184	0.01198	0.01239	0.01352	0.01318	0.01374	0.01236	0.01283	0.013	0.01244	0.01269	0.01185	0.01162	0.01277	0.01305	0.01308	0.01391	0.01324	0.01179	0.01179	0.01305	0.01264	0.01232	0.0121	0.01222	0.0111	0.01109	0.01299	0.01241	0.01277	0.01221	0.01244	0.0129	0.01273	0.012	0.01211	0.01286	0.0122	0.01256	0.0126	0.01263	0.01216	0.01273	0.01324	0.01252	0.01114	0.01104	0.01234	0.01218	0.01269	0.0132	0.01247	0.01337	0.01219	0.01232	0.0126	0.01286	0.01291	0.01238	0.01226	0.01191	0.01178	0.01338	0.01199	0.01131	0.01187	0.01167	0.01267	0.01245	0.01166	0.01277	0.01289	0.01187	0.012	0.01286	0.01246	0.01187	0.0	0.01329	0.01362	0.01219	0.01078	0.01109	0.01276	0.0125	0.01191	0.01251	0.01228	0.01229	0.01319	0.01209	0.01251	0.01251	0.0123	0.01232	0.01251	0.01402	0.01259	0.01081	0.01224	0.01297	0.01173	0.01276	0.01189	0.01247	0.01149	0.01132	0.01296	0.01292	0.0127	0.01279	0.01249	0.01149	0.01236	0.01209	0.01181	0.0113	0.01292	0.01185	0.0117	0.01279	0.01205	0.01232	0.0121	0.01269	0.01211	0.01218	0.01216	0.01236	0.01268	0.01134	0.01157	0.01266	0.01287	0.01343	0.01265	0.01206	0.01161	0.0129	0.01239	0.01111	0.01235	0.01214	0.01341	0.01335	0.01235	0.01161	0.01202	0.01195	0.01209	0.0141	0.01126	0.01126	0.01178	0.0123	0.01292	0.01186	0.01365	0.01228	0.01248	0.01172	0.01252	0.01195	0.01125	0.01221	0.01206	0.01209	0.01372	0.01326	0.01161	0.01286	0.01243	0.01272	0.01288	0.01184	0.01212	0.01361	0.01282	0.01207	0.01198	0.01299	0.0119	0.01227	0.0123	0.01277	0.0125	0.01145	0.0112	0.01208	0.01259	0.01378	0.01276	0.0119	0.0127	0.01305	0.01218	0.01207	0.0124	0.01207	0.01247	0.01401	0.0116	0.01237	0.01161	0.01217	0.01186	0.01235	0.01163	0.01247	0.01135	0.0126	0.01288	0.01163
jaguar	0.01338	0.014	0.01328	0.01284	0.01327	0.01208	0.01325	0.01358	0.01318	0.0134	0.01244	0.01347	0.01374	0.01398	0.0137	0.01282	0.01377	0.01432	0.0141	0.01272	0.01311	0.01382	0.01214	0.01372	0.01332	0.01387	0.01385	0.01279	0.01262	0.01244	0.01339	0.01335	0.01368	0.01322	0.01239	0.01377	0.01337	0.01337	0.01396	0.01284	0.01353	0.0136	0.01432	0.01451	0.01368	0.01248	0.01268	0.01377	0.01299	0.01373	0.01415	0.01286	0.01386	0.01324	0.01166	0.01344	0.01355	0.0136	0.01336	0.01297	0.01249	0.01288	0.01353	0.01322	0.01261	0.01216	0.01311	0.01366	0.01333	0.01344	0.01271	0.01078	0.0135	0.01384	0.01274	0.01332	0.01357	0.01297	0.01296	0.01418	0.014	0.01238	0.01305	0.01322	0.01446	0.01358	0.01288	0.01251	0.01337	0.01443	0.01271	0.01305	0.01365	0.01385	0.01397	0.01215	0.01287	0.01369	0.01351	0.0141	0.01263	0.01217	0.01348	0.01336	0.01329	0.0	0.01359	0.01274	0.01315	0.01259	0.01337	0.01223	0.01321	0.01372	0.01319	0.01318	0.01169	0.01235	0.01283	0.01353	0.0135	0.01303	0.01207	0.01339	0.01372	0.01306	0.01407	0.01357	0.01222	0.01371	0.01264	0.01104	0.01301	0.01318	0.01397	0.01284	0.01337	0.01413	0.0139	0.01445	0.01412	0.01384	0.01305	0.01306	0.01401	0.01255	0.0132	0.0131	0.01137	0.01396	0.01401	0.01234	0.01209	0.01346	0.01376	0.01379	0.01297	0.01274	0.01395	0.01425	0.01153	0.01388	0.01322	0.01379	0.01297	0.0133	0.01361	0.01315	0.01439	0.01353	0.01068	0.01306	0.01312	0.01258	0.01289	0.01325	0.01263	0.01344	0.0128	0.01335	0.01237	0.0113	0.01376	0.01334	0.01365	0.01294	0.01437	0.01192	0.01253	0.0133	0.01259	0.01421	0.01277	0.01234	0.01381	0.01435	0.01289	0.01347	0.01368	0.01237	0.01333	0.01331	0.01291	0.01364	0.01296	0.01267	0.01221	0.01372	0.01348	0.01361	0.01296	0.01413	0.01356	0.01348	0.01343	0.01366	0.01332	0.01325	0.01206	0.01319	0.01264	0.01329	0.01427	0.01273	0.01326	0.01362	0.01393	0.01475	0.01289	0.01353	0.01286	0.01235	0.01314	0.01391	0.01323	0.01275	0.01277	0.0139	0.01297	0.01294
jay	0.01391	0.01409	0.01342	0.01381	0.01418	0.01387	0.01421	0.0139	0.01377	0.01367	0.01295	0.01362	0.01401	0.01313	0.01306	0.01403	0.01411	0.01319	0.01405	0.01332	0.01307	0.01427	0.01402	0.01361	0.01488	0.01336	0.013	0.01332	0.01444	0.01318	0.01344	0.01443	0.01352	0.01363	0.01436	0.01384	0.014	0.01432	0.01436	0.01359	0.01408	0.01369	0.01503	0.01486	0.01454	0.01355	0.01401	0.0147	0.01376	0.01461	0.01348	0.01348	0.01248	0.0132	0.01321	0.01447	0.01363	0.01339	0.01419	0.01432	0.01345	0.01306	0.01322	0.01326	0.01261	0.01474	0.01422	0.01399	0.01435	0.01247	0.01449	0.01328	0.01351	0.01435	0.01321	0.01339	0.01386	0.0126	0.01404	0.01421	0.01422	0.01428	0.0135	0.01313	0.01379	0.01473	0.01336	0.01332	0.01449	0.01405	0.01394	0.01433	0.01343	0.01381	0.01354	0.01316	0.01302	0.01354	0.01446	0.01364	0.01437	0.01475	0.01317	0.01376	0.01362	0.01359	0.0	0.01396	0.0145	0.01432	0.0142	0.0131	0.01369	0.01341	0.01412	0.01334	0.01282	0.0131	0.01328	0.01383	0.01395	0.01418	0.01412	0.01402	0.01361	0.01244	0.01418	0.01307	0.0138	0.01272	0.01416	0.01339	0.01384	0.01367	0.0148	0.01398	0.0145	0.01286	0.01341	0.01442	0.01508	0.01456	0.01426	0.01334	0.01357	0.01289	0.01319	0.0133	0.01335	0.01484	0.01361	0.01271	0.014	0.01389	0.01316	0.01441	0.01416	0.01302	0.01383	0.01324	0.01339	0.01347	0.01313	0.01465	0.0131	0.01373	0.01366	0.0134	0.01387	0.0133	0.01369	0.01426	0.01259	0.0138	0.01418	0.01365	0.01275	0.01114	0.01434	0.0127	0.0132	0.01424	0.01127	0.01341	0.01361	0.0135	0.01444	0.01256	0.0141	0.01406	0.01359	0.01454	0.01352	0.01419	0.01444	0.01409	0.01357	0.01415	0.01401	0.01332	0.01479	0.01322	0.01359	0.01493	0.01369	0.01375	0.01374	0.01413	0.01303	0.01391	0.01416	0.01448	0.01377	0.01334	0.01351	0.01402	0.01309	0.01273	0.01261	0.01388	0.01397	0.0139	0.01418	0.01444	0.0144	0.01408	0.0139	0.01569	0.01379	0.01408	0.01357	0.01379	0.01287	0.01477	0.01441	0.01385	0.01384	0.01285	0.01438	0.01334
jellyfish	0.01285	0.01169	0.01153	0.01133	0.01272	0.01222	0.01174	0.01271	0.01289	0.01129	0.01203	0.01324	0.01327	0.0134	0.01348	0.01098	0.0132	0.01412	0.01158	0.01158	0.01347	0.01266	0.01145	0.01385	0.0128	0.01395	0.01368	0.01181	0.01209	0.01179	0.01363	0.01333	0.014	0.01278	0.01293	0.01089	0.01016	0.01208	0.01195	0.011	0.01301	0.01262	0.0133	0.01442	0.01283	0.01152	0.01208	0.01334	0.01244	0.01257	0.0139	0.01202	0.01276	0.01342	0.01342	0.01299	0.01293	0.01335	0.01292	0.01284	0.01181	0.0119	0.01375	0.01385	0.01231	0.01334	0.01119	0.01216	0.01342	0.01256	0.01328	0.01321	0.0125	0.01276	0.01341	0.01284	0.01375	0.0137	0.01206	0.01282	0.01296	0.01174	0.01306	0.01313	0.01318	0.01351	0.0133	0.0113	0.01338	0.01372	0.01312	0.01126	0.01334	0.01329	0.01314	0.01253	0.0126	0.01359	0.01238	0.01361	0.01249	0.0132	0.01155	0.01185	0.01219	0.01274	0.01396	0.0	0.0129	0.01278	0.01245	0.01368	0.01248	0.01278	0.01204	0.0127	0.01276	0.01304	0.01242	0.01265	0.01258	0.01047	0.01346	0.01364	0.01293	0.0123	0.0127	0.01338	0.01188	0.01334	0.01166	0.01277	0.01262	0.01214	0.01391	0.01261	0.01336	0.01256	0.01397	0.01338	0.01249	0.01362	0.01133	0.01254	0.01314	0.01196	0.01286	0.01232	0.01129	0.01313	0.01297	0.01355	0.01239	0.01343	0.01281	0.01376	0.01202	0.01258	0.01321	0.0139	0.01225	0.01365	0.01189	0.01239	0.01256	0.01363	0.01281	0.01245	0.01292	0.01284	0.01389	0.01297	0.01206	0.01273	0.01229	0.01227	0.01216	0.01404	0.01212	0.01336	0.01272	0.0129	0.01402	0.01306	0.01314	0.01225	0.01341	0.01287	0.01099	0.01144	0.01168	0.01199	0.01278	0.0121	0.01331	0.01379	0.01198	0.01302	0.01277	0.01316	0.01244	0.01267	0.01347	0.01375	0.01294	0.01295	0.01294	0.01307	0.01217	0.01151	0.01265	0.01144	0.01249	0.01289	0.01357	0.01357	0.01349	0.01395	0.0122	0.01117	0.01266	0.01169	0.01381	0.01181	0.01245	0.01317	0.01363	0.01403	0.01262	0.01263	0.01086	0.01198	0.01311	0.01161	0.01258	0.01251	0.01166	0.01333	0.01337	0.01298
kangaroo	0.01259	0.01305	0.01315	0.01189	0.0116	0.01254	0.01142	0.01165	0.01089	0.01235	0.01239	0.0124	0.01241	0.01137	0.01258	0.01188	0.01056	0.01332	0.01185	0.01179	0.01232	0.01254	0.01193	0.01378	0.01183	0.01358	0.01379	0.013	0.01244	0.01204	0.01248	0.01307	0.01269	0.01042	0.01264	0.01197	0.01149	0.0116	0.0113	0.01175	0.01136	0.0128	0.01182	0.01312	0.0128	0.01219	0.01184	0.01313	0.01169	0.01247	0.01151	0.01151	0.01275	0.01218	0.01293	0.01122	0.0122	0.0126	0.01203	0.0121	0.0133	0.0122	0.01303	0.01325	0.0114	0.01159	0.01251	0.01165	0.01212	0.01208	0.01278	0.01309	0.01201	0.01155	0.01281	0.01269	0.0135	0.01317	0.01172	0.01277	0.01355	0.01074	0.01153	0.01188	0.0127	0.01139	0.01138	0.01186	0.01151	0.01325	0.01213	0.01043	0.01189	0.01187	0.01298	0.01252	0.01031	0.01185	0.01295	0.01302	0.01184	0.01224	0.01172	0.01093	0.01078	0.01315	0.0145	0.0129	0.0	0.01189	0.01228	0.01314	0.01221	0.01288	0.01184	0.01155	0.01303	0.01255	0.01259	0.01233	0.01217	0.01135	0.01174	0.01445	0.01249	0.01302	0.01082	0.0126	0.01189	0.0109	0.01135	0.0123	0.01184	0.0119	0.0126	0.01276	0.01294	0.01233	0.01328	0.0112	0.01286	0.01228	0.01156	0.01124	0.01147	0.01267	0.01229	0.01229	0.01276	0.01218	0.01188	0.01313	0.01137	0.01295	0.01352	0.01175	0.01135	0.01096	0.01173	0.01318	0.01293	0.01219	0.01188	0.01147	0.01193	0.01275	0.01164	0.01079	0.0109	0.01259	0.01284	0.01338	0.01118	0.01261	0.01149	0.0117	0.01145	0.01432	0.01169	0.01186	0.01157	0.01074	0.01417	0.01294	0.01266	0.01102	0.01128	0.01261	0.01277	0.01191	0.01188	0.01165	0.01262	0.01105	0.01351	0.012	0.012	0.01282	0.01161	0.01331	0.01297	0.01164	0.01179	0.01398	0.01199	0.01155	0.01239	0.01263	0.01174	0.01203	0.01265	0.01245	0.01246	0.01227	0.01247	0.01208	0.01307	0.01332	0.01258	0.01142	0.01235	0.01336	0.0119	0.01122	0.01101	0.01257	0.01216	0.01271	0.01212	0.01269	0.01163	0.01168	0.0115	0.01218	0.01147	0.01233	0.00998	0.01277	0.01263	0.01088
kestrel	0.01107	0.01361	0.01339	0.01254	0.01338	0.01096	0.01318	0.01226	0.01199	0.01344	0.01341	0.01318	0.01365	0.01302	0.01307	0.01245	0.01293	0.01377	0.01275	0.01292	0.01147	0.01276	0.01245	0.01335	0.01251	0.01419	0.0145	0.01269	0.01196	0.013	0.01378	0.01358	0.01384	0.01212	0.0126	0.01332	0.01271	0.01322	0.01303	0.01286	0.01314	0.01359	0.01355	0.01408	0.0134	0.01265	0.01213	0.01358	0.01298	0.01334	0.01263	0.0131	0.01284	0.01193	0.01226	0.01264	0.01349	0.01346	0.01346	0.01317	0.01316	0.01349	0.01203	0.01335	0.01304	0.01158	0.01342	0.0128	0.01326	0.01396	0.01283	0.01099	0.01167	0.0133	0.01201	0.01357	0.01295	0.01338	0.01246	0.01383	0.01331	0.01219	0.01304	0.01357	0.01375	0.01353	0.01266	0.0128	0.01219	0.01384	0.01205	0.01256	0.01231	0.01135	0.01381	0.01318	0.01255	0.01332	0.01299	0.01178	0.0129	0.01339	0.01326	0.01266	0.01109	0.01259	0.01432	0.01278	0.01189	0.0	0.01194	0.01323	0.01322	0.01379	0.01301	0.01297	0.01307	0.01146	0.01277	0.01349	0.01342	0.01293	0.01161	0.01415	0.0123	0.01191	0.01272	0.01351	0.01223	0.01288	0.01235	0.01321	0.0132	0.01237	0.01327	0.01326	0.01349	0.01341	0.01299	0.01217	0.01288	0.01287	0.01285	0.01119	0.01336	0.01316	0.01315	0.01215	0.01224	0.01241	0.01234	0.01281	0.01283	0.01158	0.01278	0.01298	0.01236	0.01284	0.01231	0.01348	0.01296	0.01353	0.01275	0.01282	0.01309	0.01337	0.01296	0.01169	0.01295	0.01302	0.01287	0.01288	0.01272	0.01262	0.01299	0.01297	0.0126	0.01447	0.01231	0.01094	0.01278	0.0127	0.01381	0.01371	0.01341	0.01305	0.01273	0.01168	0.01318	0.01299	0.0117	0.01316	0.01252	0.01146	0.01349	0.01383	0.01232	0.01357	0.01295	0.01261	0.01301	0.01293	0.01338	0.01389	0.01227	0.01309	0.01292	0.01368	0.01317	0.01301	0.01345	0.0134	0.01316	0.01207	0.01214	0.01234	0.01309	0.0131	0.01345	0.01258	0.01306	0.01391	0.01284	0.01197	0.01243	0.01409	0.01327	0.01386	0.01213	0.01329	0.01241	0.01295	0.01194	0.01352	0.01333	0.01326	0.01247	0.01266	0.01334	0.01236
killer_whale	0.01153	0.01178	0.012	0.01135	0.0122	0.0123	0.01196	0.0128	0.01146	0.01189	0.0111	0.01305	0.01238	0.01272	0.01348	0.01204	0.01215	0.01382	0.01206	0.01194	0.01369	0.01313	0.01129	0.01347	0.01272	0.01407	0.01438	0.01339	0.01268	0.01305	0.01336	0.01357	0.01257	0.01162	0.01288	0.01044	0.01202	0.01152	0.01233	0.01087	0.01253	0.01188	0.01372	0.01313	0.0126	0.01227	0.01154	0.01172	0.01218	0.01254	0.01215	0.01061	0.01395	0.01317	0.01201	0.01183	0.0125	0.01338	0.0114	0.01211	0.01331	0.01278	0.01335	0.01306	0.01277	0.01212	0.01316	0.0116	0.01254	0.01352	0.01268	0.01282	0.012	0.01278	0.01173	0.01323	0.01299	0.01345	0.01191	0.01294	0.01403	0.01081	0.0128	0.01238	0.01355	0.01248	0.01176	0.01239	0.01286	0.01288	0.01351	0.01147	0.0129	0.01215	0.01323	0.0126	0.01253	0.01336	0.01152	0.01362	0.01273	0.01253	0.01253	0.01211	0.01276	0.01337	0.0142	0.01245	0.01228	0.01194	0.0	0.0128	0.01145	0.01348	0.01237	0.01276	0.01313	0.01219	0.01338	0.01212	0.0119	0.01199	0.01277	0.0145	0.01254	0.01299	0.01185	0.01344	0.01219	0.01261	0.0118	0.01261	0.01248	0.01162	0.0139	0.01324	0.01269	0.01273	0.01322	0.01307	0.01316	0.01278	0.01189	0.01247	0.01291	0.01275	0.01276	0.01141	0.01207	0.01311	0.01251	0.01291	0.01163	0.01135	0.01249	0.01238	0.01238	0.01231	0.01255	0.01387	0.01233	0.01264	0.01235	0.01036	0.01254	0.01268	0.01233	0.01178	0.01236	0.01169	0.01303	0.0129	0.01129	0.01224	0.01261	0.01229	0.01276	0.01482	0.01206	0.01304	0.013	0.0114	0.01439	0.01362	0.01335	0.01238	0.01205	0.01289	0.01268	0.01031	0.01265	0.0115	0.01029	0.01174	0.01214	0.0132	0.01124	0.01291	0.01181	0.01312	0.01306	0.01265	0.01265	0.01336	0.01241	0.01198	0.01214	0.01233	0.01303	0.00982	0.01328	0.01305	0.01348	0.01273	0.01278	0.01238	0.01328	0.01359	0.01233	0.01224	0.01326	0.01164	0.01374	0.01143	0.01209	0.01317	0.01117	0.01418	0.01233	0.01072	0.01112	0.01303	0.01279	0.01096	0.01264	0.01152	0.01232	0.01391	0.01369	0.01208
kiwi	0.01248	0.0127	0.01251	0.01272	0.01301	0.01246	0.01317	0.01316	0.01329	0.01339	0.01213	0.01282	0.01233	0.0133	0.01302	0.01287	0.01332	0.01313	0.01344	0.01325	0.01332	0.01382	0.01278	0.01337	0.0132	0.01376	0.0136	0.01248	0.01308	0.01218	0.0131	0.0133	0.01295	0.01351	0.013	0.0136	0.01368	0.01269	0.01319	0.0119	0.01382	0.01309	0.01376	0.01394	0.01293	0.01298	0.01262	0.013	0.01295	0.01343	0.0131	0.0121	0.01329	0.01316	0.01237	0.01345	0.01308	0.01241	0.01111	0.01354	0.01339	0.01284	0.01243	0.01355	0.01346	0.01306	0.01345	0.01325	0.01304	0.01285	0.01252	0.01276	0.01188	0.01365	0.01276	0.01355	0.01307	0.01288	0.01367	0.01322	0.01382	0.01309	0.01349	0.01327	0.01408	0.01283	0.01251	0.01266	0.01314	0.01274	0.01335	0.01254	0.01303	0.01356	0.01347	0.01211	0.01258	0.01369	0.01238	0.01323	0.01312	0.01265	0.01352	0.01305	0.0125	0.01223	0.0131	0.01368	0.01314	0.01323	0.0128	0.0	0.01274	0.0131	0.01322	0.01279	0.0134	0.01278	0.01262	0.01268	0.01288	0.01329	0.01287	0.01438	0.01299	0.01268	0.01312	0.01312	0.0126	0.01293	0.01282	0.0123	0.01261	0.01137	0.01389	0.01334	0.01357	0.01329	0.01368	0.01391	0.01428	0.01362	0.01273	0.01292	0.01376	0.01254	0.01242	0.01246	0.01325	0.01275	0.01312	0.0121	0.01143	0.01243	0.01223	0.0131	0.01342	0.01266	0.01264	0.01376	0.01336	0.01345	0.01259	0.01342	0.01217	0.01249	0.0131	0.01285	0.0138	0.01226	0.01209	0.01312	0.01294	0.01321	0.01267	0.01305	0.01301	0.01338	0.01226	0.01342	0.01246	0.01309	0.01338	0.01284	0.01468	0.01333	0.01412	0.01242	0.01325	0.0125	0.01323	0.01242	0.01187	0.01288	0.01364	0.01389	0.01258	0.01337	0.01313	0.01329	0.01375	0.01284	0.01274	0.01347	0.01194	0.0123	0.01279	0.01288	0.0133	0.01271	0.0129	0.01378	0.01392	0.01309	0.01306	0.0132	0.01284	0.01304	0.01194	0.0128	0.01298	0.01291	0.01372	0.01338	0.01373	0.01316	0.01325	0.01445	0.01231	0.01262	0.01264	0.01302	0.01225	0.01318	0.01251	0.01063	0.01324	0.013	0.01379	0.01219
koala	0.01163	0.01245	0.01112	0.01086	0.01194	0.01208	0.00917	0.01199	0.01206	0.01131	0.01133	0.01245	0.01194	0.01302	0.01272	0.01151	0.01228	0.0133	0.01104	0.0107	0.01288	0.01347	0.0103	0.01306	0.01176	0.01302	0.01395	0.01273	0.01335	0.01157	0.01169	0.01346	0.01311	0.01141	0.01254	0.01244	0.0128	0.01289	0.01206	0.01121	0.01137	0.01258	0.01338	0.01431	0.01306	0.01172	0.00969	0.013	0.01104	0.01262	0.01366	0.01076	0.01233	0.01222	0.01378	0.01107	0.01115	0.01189	0.01177	0.01026	0.01265	0.01007	0.01245	0.01208	0.01165	0.0118	0.01267	0.01263	0.01231	0.01245	0.01317	0.01357	0.01089	0.01305	0.01187	0.01186	0.01351	0.01307	0.01226	0.01326	0.01389	0.01112	0.01153	0.01218	0.01279	0.01197	0.01082	0.01076	0.01179	0.01305	0.01312	0.0109	0.01197	0.01274	0.01369	0.01314	0.01196	0.01226	0.01224	0.01356	0.01218	0.01062	0.01197	0.01112	0.01191	0.01321	0.01369	0.01248	0.01221	0.01322	0.01145	0.01274	0.0	0.01254	0.01197	0.01334	0.01213	0.01178	0.01171	0.01156	0.0118	0.01224	0.01345	0.01482	0.01303	0.01241	0.01268	0.01349	0.01158	0.01276	0.0104	0.01044	0.01055	0.01113	0.01339	0.01284	0.01101	0.01321	0.01315	0.01293	0.01243	0.01256	0.00978	0.0113	0.01232	0.00968	0.01133	0.01178	0.01166	0.01272	0.01211	0.0115	0.01192	0.01216	0.01218	0.01296	0.01217	0.01035	0.01125	0.01306	0.01321	0.01359	0.01127	0.01258	0.01034	0.01175	0.01185	0.01084	0.01237	0.01169	0.01323	0.01225	0.01081	0.01247	0.01154	0.01212	0.01228	0.01396	0.00987	0.01215	0.01101	0.0107	0.01409	0.01189	0.01396	0.01097	0.01342	0.01254	0.01217	0.01158	0.01153	0.01238	0.01076	0.01137	0.01257	0.01293	0.01139	0.01192	0.01207	0.01354	0.01281	0.01223	0.01181	0.01291	0.01208	0.01202	0.00938	0.01244	0.01284	0.01179	0.01071	0.01267	0.0134	0.0115	0.01261	0.01282	0.0125	0.01382	0.01095	0.01174	0.01184	0.01188	0.01322	0.0124	0.01317	0.01056	0.01346	0.01406	0.01202	0.01106	0.0114	0.01236	0.01278	0.01178	0.01028	0.01077	0.0107	0.01357	0.0131	0.01224
ladybug	0.01305	0.01217	0.01163	0.01235	0.01339	0.0117	0.01336	0.01337	0.01369	0.01345	0.01265	0.01304	0.0128	0.01347	0.01237	0.01259	0.01293	0.01289	0.01279	0.01252	0.01282	0.01365	0.0128	0.01407	0.0137	0.01453	0.01408	0.0117	0.01185	0.01139	0.0131	0.0131	0.01423	0.01351	0.0119	0.0136	0.01285	0.0131	0.01234	0.01204	0.01392	0.01299	0.01287	0.01431	0.01361	0.01137	0.01223	0.01341	0.01154	0.01284	0.01318	0.01293	0.01294	0.01218	0.01286	0.014	0.01276	0.01193	0.01296	0.01316	0.01145	0.01176	0.01307	0.01201	0.01214	0.01346	0.01276	0.01319	0.01265	0.01379	0.01439	0.01366	0.01244	0.01357	0.01267	0.01165	0.01298	0.01255	0.01278	0.01272	0.01321	0.01352	0.01148	0.01285	0.01443	0.01346	0.01244	0.0124	0.01359	0.01369	0.01219	0.0117	0.01229	0.01405	0.01338	0.0125	0.0118	0.01324	0.01222	0.01392	0.01267	0.01293	0.01346	0.01178	0.01251	0.01372	0.01341	0.01278	0.01288	0.01379	0.01348	0.0131	0.01254	0.0	0.01215	0.01354	0.01314	0.01358	0.01237	0.01171	0.01205	0.01262	0.01355	0.01379	0.01318	0.01256	0.01404	0.01267	0.01226	0.01244	0.01275	0.01253	0.01187	0.01252	0.01273	0.01265	0.01351	0.01332	0.01281	0.01332	0.01247	0.01259	0.01223	0.01276	0.01442	0.01185	0.01183	0.01286	0.01247	0.01358	0.01297	0.01314	0.0133	0.01349	0.01291	0.0135	0.01463	0.01061	0.01261	0.01394	0.01283	0.01387	0.01217	0.01366	0.01195	0.01298	0.01346	0.01224	0.01338	0.01197	0.01352	0.01371	0.01288	0.01279	0.01175	0.01327	0.0121	0.01348	0.01281	0.01304	0.01064	0.01344	0.01361	0.01253	0.01377	0.01269	0.01341	0.01319	0.01239	0.01283	0.01286	0.01286	0.01307	0.01332	0.01391	0.01372	0.01262	0.01269	0.01273	0.01346	0.0122	0.01163	0.01187	0.01414	0.01294	0.01194	0.01312	0.0126	0.01271	0.0132	0.01224	0.0135	0.01326	0.01283	0.0133	0.01253	0.01354	0.01432	0.01234	0.01154	0.01315	0.01162	0.01361	0.01382	0.01322	0.01257	0.01364	0.01418	0.01225	0.01295	0.01219	0.01204	0.01246	0.01347	0.01233	0.01186	0.01262	0.01368	0.01346	0.01296
lemur	0.01307	0.01151	0.01156	0.01233	0.01192	0.0132	0.01191	0.01208	0.0132	0.01272	0.01201	0.01266	0.01224	0.01349	0.01286	0.01213	0.01131	0.01306	0.00993	0.01215	0.01354	0.01342	0.01165	0.0134	0.01319	0.01417	0.01359	0.01195	0.01283	0.01166	0.0131	0.01339	0.01353	0.01276	0.01272	0.01298	0.01288	0.0129	0.01148	0.01064	0.01299	0.01277	0.01307	0.01409	0.01294	0.01172	0.01172	0.01374	0.01192	0.01143	0.01293	0.01162	0.01328	0.01304	0.01356	0.01301	0.01287	0.01124	0.01237	0.01263	0.01251	0.01098	0.01418	0.01363	0.01281	0.01258	0.01172	0.01243	0.01168	0.01288	0.01334	0.01351	0.01155	0.01316	0.01262	0.01162	0.01315	0.01298	0.0129	0.0134	0.01306	0.01112	0.01025	0.01294	0.01357	0.01162	0.012	0.01194	0.01285	0.01392	0.01234	0.01117	0.01253	0.01314	0.01226	0.01289	0.01109	0.01266	0.01276	0.01388	0.01122	0.01311	0.01243	0.01158	0.01228	0.01319	0.01412	0.01204	0.01184	0.01301	0.01237	0.01322	0.01197	0.01215	0.0	0.01225	0.01312	0.01395	0.01227	0.01129	0.01291	0.01232	0.01369	0.01413	0.0129	0.01298	0.01257	0.01215	0.01213	0.01202	0.01243	0.01276	0.0102	0.01154	0.01371	0.01245	0.01282	0.01252	0.01371	0.01382	0.01324	0.01372	0.01117	0.01233	0.0136	0.01067	0.01214	0.01236	0.01235	0.01307	0.01263	0.01354	0.0117	0.01335	0.01331	0.01375	0.01296	0.01018	0.01249	0.01408	0.01237	0.01333	0.01204	0.01243	0.01085	0.01221	0.0127	0.01106	0.0125	0.01204	0.01308	0.01284	0.0126	0.01286	0.0095	0.01297	0.01242	0.01377	0.01197	0.01313	0.0108	0.01261	0.01382	0.01278	0.01217	0.01012	0.01346	0.01326	0.01145	0.01155	0.01221	0.01243	0.01221	0.01205	0.01421	0.01354	0.01206	0.01294	0.0127	0.01378	0.01266	0.01128	0.01139	0.01397	0.0132	0.01001	0.01272	0.01246	0.0127	0.01195	0.01215	0.01245	0.01327	0.01246	0.0128	0.01338	0.01354	0.0142	0.01169	0.01018	0.01114	0.01231	0.01353	0.0124	0.01269	0.01188	0.01339	0.01458	0.01209	0.01227	0.01189	0.01256	0.01262	0.01202	0.01105	0.01201	0.01165	0.0129	0.01304	0.01251
lemming	0.01306	0.01306	0.0135	0.01252	0.01143	0.01308	0.01306	0.01195	0.01213	0.013	0.01274	0.0131	0.01293	0.01285	0.01342	0.01271	0.01193	0.01342	0.01278	0.01257	0.01343	0.01268	0.01293	0.01369	0.01308	0.01388	0.0134	0.01292	0.01334	0.0129	0.01351	0.01364	0.0126	0.01234	0.0134	0.01241	0.01227	0.01293	0.01241	0.01255	0.01298	0.01351	0.01364	0.01382	0.01312	0.01364	0.01306	0.01348	0.01216	0.01292	0.01292	0.01119	0.01285	0.01294	0.01368	0.01301	0.01294	0.01354	0.0126	0.01327	0.01355	0.01283	0.01351	0.01318	0.01179	0.0128	0.01223	0.01214	0.01315	0.01254	0.01356	0.01331	0.01266	0.01287	0.01362	0.01305	0.01349	0.01237	0.01211	0.01386	0.01326	0.012	0.01225	0.0128	0.01285	0.01328	0.01302	0.01219	0.01292	0.01402	0.01337	0.01205	0.01267	0.0129	0.01264	0.01322	0.01208	0.01278	0.01333	0.01268	0.01267	0.01342	0.01188	0.0121	0.01229	0.01318	0.01334	0.0127	0.01155	0.01297	0.01276	0.01279	0.01334	0.01354	0.01225	0.0	0.01355	0.01352	0.01311	0.01307	0.01303	0.01246	0.01286	0.01443	0.01292	0.01264	0.01089	0.0125	0.0126	0.01208	0.01257	0.01294	0.01282	0.0122	0.01363	0.01294	0.01349	0.01175	0.01323	0.01306	0.0135	0.01329	0.0124	0.01217	0.0132	0.01252	0.01313	0.01314	0.0132	0.01353	0.01236	0.01325	0.0124	0.01303	0.01281	0.01314	0.01267	0.01212	0.01288	0.01333	0.01347	0.0127	0.01296	0.01218	0.01236	0.01353	0.01287	0.01132	0.01263	0.01281	0.01376	0.01341	0.01206	0.01355	0.01221	0.01309	0.01251	0.01341	0.0131	0.01251	0.01247	0.01253	0.01339	0.01351	0.01282	0.01151	0.01285	0.01297	0.0128	0.01173	0.01283	0.01334	0.0131	0.01255	0.01387	0.01358	0.01187	0.01315	0.01309	0.01372	0.01411	0.01289	0.01319	0.01408	0.01269	0.01213	0.01324	0.01342	0.01314	0.01271	0.01319	0.013	0.01306	0.01257	0.01304	0.01331	0.01307	0.01307	0.01302	0.01213	0.01331	0.01375	0.01286	0.01298	0.01247	0.01381	0.01276	0.01426	0.01292	0.01247	0.01168	0.01288	0.01229	0.01294	0.01297	0.01259	0.01201	0.0129	0.01383	0.01183
leopard	0.01286	0.01351	0.0129	0.01252	0.0133	0.01249	0.0118	0.01347	0.01295	0.01263	0.01161	0.01324	0.01348	0.01277	0.01329	0.01275	0.01345	0.01347	0.01332	0.01219	0.01282	0.01378	0.01193	0.01327	0.01344	0.01294	0.01392	0.01209	0.01268	0.01205	0.01328	0.01264	0.01349	0.01236	0.01307	0.01382	0.01364	0.01358	0.01391	0.01245	0.01273	0.01341	0.01421	0.01446	0.01377	0.01152	0.01278	0.01403	0.01285	0.01313	0.01415	0.01217	0.0128	0.01327	0.01244	0.0132	0.01271	0.01334	0.01335	0.01249	0.01211	0.01225	0.01305	0.01265	0.01161	0.01297	0.01337	0.01361	0.01391	0.01279	0.01361	0.01207	0.0127	0.01391	0.01212	0.01367	0.01382	0.01269	0.01256	0.01432	0.01387	0.013	0.01285	0.01286	0.01386	0.01348	0.01223	0.01192	0.01305	0.01404	0.01306	0.01255	0.01301	0.01345	0.01336	0.01263	0.0125	0.01326	0.01299	0.01432	0.01241	0.01313	0.01318	0.01258	0.01319	0.01169	0.01282	0.01276	0.01303	0.01307	0.01313	0.0134	0.01213	0.01314	0.01312	0.01355	0.0	0.01135	0.01268	0.01328	0.0132	0.0129	0.01259	0.01341	0.01291	0.01203	0.01353	0.01355	0.01247	0.01297	0.01303	0.01034	0.01242	0.01308	0.01376	0.01256	0.01304	0.01304	0.01348	0.01405	0.01365	0.01328	0.01259	0.01272	0.01289	0.01154	0.01197	0.01216	0.01035	0.01336	0.01282	0.01273	0.01302	0.01242	0.01322	0.0143	0.01261	0.01212	0.01288	0.01329	0.01132	0.01376	0.01321	0.01366	0.01218	0.01244	0.01299	0.01199	0.01317	0.01302	0.01213	0.01297	0.0123	0.01227	0.01268	0.01236	0.01198	0.01335	0.01309	0.01248	0.01165	0.01145	0.01344	0.01302	0.01384	0.01202	0.01364	0.01055	0.01197	0.01335	0.01199	0.01377	0.0118	0.01243	0.01333	0.01386	0.01298	0.01407	0.01323	0.01238	0.01378	0.01225	0.0126	0.01401	0.01325	0.01265	0.01115	0.01372	0.01208	0.01307	0.01264	0.01408	0.01236	0.01239	0.01366	0.01333	0.01206	0.01334	0.01219	0.0126	0.0128	0.01344	0.01371	0.01206	0.01313	0.01325	0.01366	0.01423	0.01275	0.01299	0.01311	0.0123	0.01307	0.01392	0.01322	0.01294	0.01215	0.01363	0.01355	0.01242
lion	0.01155	0.01387	0.01287	0.01147	0.01337	0.01168	0.01257	0.01329	0.01128	0.01254	0.01297	0.01265	0.01376	0.01121	0.01249	0.01235	0.01356	0.0143	0.01363	0.01172	0.01208	0.01331	0.01202	0.01331	0.01307	0.0121	0.01366	0.01295	0.0121	0.01318	0.01313	0.01359	0.01299	0.01185	0.01338	0.01293	0.0135	0.01317	0.01289	0.01296	0.01203	0.0135	0.01375	0.01388	0.01403	0.01265	0.01258	0.01298	0.0125	0.01312	0.01352	0.01239	0.01129	0.01203	0.01282	0.01144	0.0124	0.0126	0.01266	0.01266	0.01366	0.01298	0.01144	0.01268	0.01146	0.01262	0.01351	0.0132	0.01356	0.0124	0.01269	0.01091	0.01215	0.01303	0.01164	0.01333	0.01333	0.01232	0.01234	0.01412	0.01401	0.01248	0.01316	0.0128	0.0136	0.01338	0.0123	0.01183	0.01155	0.01272	0.01248	0.01269	0.01147	0.01209	0.0139	0.01278	0.01238	0.01265	0.01308	0.01284	0.01314	0.01222	0.01352	0.01292	0.01209	0.01235	0.0131	0.01304	0.01255	0.01146	0.01219	0.01278	0.01178	0.01358	0.01395	0.01352	0.01135	0.0	0.01273	0.01355	0.01282	0.0129	0.01231	0.01373	0.01237	0.01121	0.01258	0.01391	0.01243	0.01297	0.01245	0.01113	0.01224	0.01224	0.01333	0.01299	0.01241	0.01348	0.01315	0.01264	0.01311	0.01284	0.01302	0.01107	0.01092	0.01264	0.0119	0.01254	0.01142	0.01271	0.01256	0.01197	0.01298	0.01111	0.01332	0.0126	0.01175	0.01241	0.01104	0.01225	0.01309	0.01309	0.01369	0.01342	0.01267	0.01275	0.01246	0.01153	0.01196	0.01274	0.01229	0.01359	0.01208	0.01268	0.0135	0.01131	0.01156	0.01372	0.01159	0.01108	0.01251	0.01193	0.01382	0.0115	0.01418	0.01279	0.01276	0.00931	0.01327	0.01337	0.0115	0.01388	0.01214	0.01274	0.01242	0.01314	0.01261	0.01305	0.01267	0.01239	0.01382	0.01285	0.01285	0.01326	0.01308	0.01273	0.01033	0.01386	0.01267	0.01363	0.01321	0.01376	0.01293	0.01179	0.0122	0.01314	0.01187	0.01308	0.01247	0.01299	0.01319	0.01377	0.01358	0.01233	0.0129	0.01292	0.0131	0.01397	0.01177	0.01315	0.01226	0.01263	0.01246	0.01358	0.01252	0.01256	0.01287	0.01262	0.01312	0.01171
lizard	0.01285	0.01269	0.01159	0.01239	0.01277	0.01143	0.01286	0.01322	0.01365	0.01295	0.01222	0.01259	0.0126	0.01325	0.01087	0.0119	0.01335	0.01341	0.01289	0.01193	0.013	0.01329	0.01207	0.01309	0.0133	0.01442	0.01418	0.01179	0.01057	0.01187	0.0131	0.0139	0.01373	0.0134	0.01181	0.01366	0.01183	0.0131	0.01157	0.01212	0.01338	0.01275	0.01165	0.01425	0.01316	0.01079	0.01262	0.01388	0.01207	0.01243	0.0135	0.01303	0.01299	0.01254	0.01275	0.01345	0.01276	0.01246	0.01236	0.01349	0.01019	0.01191	0.01362	0.0123	0.01298	0.0134	0.0121	0.01314	0.01402	0.01324	0.01365	0.01298	0.01226	0.01344	0.0131	0.01231	0.01305	0.01292	0.01313	0.01281	0.01325	0.01258	0.01213	0.0127	0.01384	0.01246	0.01214	0.01137	0.01364	0.01357	0.01154	0.01235	0.01288	0.01377	0.01403	0.01248	0.01192	0.0133	0.01189	0.01392	0.01238	0.01265	0.01281	0.01244	0.01251	0.01283	0.01328	0.01242	0.01259	0.01277	0.01338	0.01262	0.01171	0.01237	0.01227	0.01311	0.01268	0.01273	0.0	0.01274	0.0118	0.01149	0.01359	0.01396	0.01385	0.01248	0.01359	0.01228	0.01186	0.01282	0.01226	0.01239	0.0119	0.01247	0.01258	0.01166	0.01319	0.01354	0.01375	0.01354	0.01302	0.01303	0.01193	0.01233	0.01348	0.01126	0.01275	0.01182	0.01089	0.01337	0.01323	0.01308	0.01216	0.0136	0.01303	0.01306	0.01321	0.01167	0.01277	0.01394	0.01233	0.01402	0.01241	0.01377	0.01163	0.01356	0.0129	0.01195	0.01261	0.01221	0.01325	0.01224	0.01278	0.01277	0.01199	0.01267	0.01224	0.01314	0.01202	0.01242	0.01174	0.01322	0.01371	0.01276	0.01344	0.01194	0.01394	0.0123	0.01153	0.01333	0.01205	0.01265	0.01307	0.01235	0.01428	0.01394	0.01253	0.0122	0.01243	0.013	0.0123	0.01229	0.01309	0.01349	0.01254	0.01313	0.01279	0.01243	0.01251	0.01341	0.01282	0.01101	0.01305	0.0131	0.01257	0.01288	0.01326	0.01352	0.01209	0.0106	0.01253	0.01175	0.01326	0.01293	0.013	0.01218	0.01403	0.01427	0.0129	0.0133	0.01184	0.01082	0.0126	0.01363	0.01233	0.01256	0.01215	0.01355	0.01332	0.01304
llama	0.01225	0.01108	0.01114	0.01143	0.01238	0.01171	0.01232	0.01295	0.01271	0.01309	0.01137	0.01264	0.01082	0.01315	0.01226	0.01227	0.01273	0.0125	0.01189	0.01176	0.01308	0.01346	0.01163	0.01312	0.01342	0.0141	0.0142	0.01284	0.0133	0.01165	0.01332	0.01348	0.01261	0.01309	0.01262	0.01244	0.01295	0.01178	0.01166	0.01097	0.01277	0.01096	0.01322	0.01342	0.01266	0.01196	0.01138	0.01215	0.0119	0.01328	0.01195	0.01175	0.01305	0.01222	0.01312	0.01339	0.01259	0.01134	0.01275	0.01234	0.01322	0.01169	0.01277	0.012	0.01304	0.01318	0.01219	0.01245	0.01137	0.01346	0.01391	0.01394	0.01174	0.01348	0.01227	0.01121	0.01292	0.01297	0.01254	0.01198	0.01303	0.0124	0.01192	0.01127	0.01356	0.01225	0.01198	0.0117	0.01233	0.01233	0.01316	0.01179	0.0123	0.01266	0.01242	0.01206	0.01193	0.01275	0.01132	0.01385	0.01258	0.01285	0.01281	0.01196	0.01251	0.01353	0.01383	0.01265	0.01233	0.01349	0.01212	0.01268	0.01156	0.01171	0.01129	0.01307	0.01328	0.01355	0.01274	0.0	0.01123	0.01178	0.0137	0.01477	0.01248	0.01283	0.0134	0.01295	0.01259	0.01227	0.01193	0.01206	0.01044	0.01228	0.01371	0.01209	0.01246	0.01296	0.01286	0.0136	0.01233	0.0126	0.01237	0.01226	0.0138	0.01083	0.01151	0.0121	0.01255	0.01239	0.01264	0.01231	0.01292	0.01268	0.01256	0.01251	0.01374	0.01088	0.01205	0.01348	0.01191	0.01202	0.01223	0.01242	0.01034	0.01203	0.01335	0.01205	0.01311	0.01111	0.01389	0.01262	0.01259	0.013	0.01052	0.01295	0.01289	0.01364	0.01166	0.01301	0.01027	0.01266	0.01401	0.01259	0.01357	0.01217	0.0125	0.01326	0.01263	0.01154	0.01317	0.01115	0.0108	0.01228	0.01343	0.01153	0.01174	0.01226	0.0116	0.0131	0.01225	0.0121	0.01105	0.01315	0.01328	0.0108	0.01248	0.01085	0.01305	0.01152	0.01196	0.01287	0.01391	0.01215	0.01242	0.01267	0.01308	0.01341	0.01159	0.01124	0.01261	0.01059	0.01367	0.01272	0.01257	0.01158	0.01231	0.0144	0.01222	0.01176	0.01192	0.01302	0.01298	0.01229	0.01166	0.01177	0.0124	0.01362	0.01367	0.01253
lobster	0.01246	0.0102	0.01037	0.00986	0.01301	0.01185	0.01248	0.01306	0.01205	0.01306	0.01068	0.01215	0.00975	0.01294	0.01186	0.01096	0.01295	0.01295	0.01316	0.01102	0.0129	0.01262	0.01102	0.01313	0.01338	0.01388	0.01409	0.01279	0.01184	0.012	0.01319	0.01289	0.01147	0.01229	0.01232	0.01155	0.01152	0.01102	0.01109	0.01166	0.01218	0.01194	0.0125	0.01164	0.01253	0.01134	0.01216	0.01035	0.0109	0.01203	0.01111	0.01224	0.01292	0.01262	0.01235	0.01266	0.01218	0.01112	0.01289	0.01298	0.01195	0.01263	0.01305	0.01192	0.01293	0.01343	0.01261	0.01102	0.01312	0.01298	0.01392	0.01355	0.01189	0.01269	0.01265	0.0119	0.01305	0.01354	0.01183	0.01166	0.01376	0.01206	0.01226	0.01056	0.01361	0.01254	0.01216	0.01047	0.01208	0.01087	0.01241	0.01227	0.01212	0.01317	0.01255	0.01115	0.01274	0.01312	0.01093	0.01352	0.01267	0.01219	0.01284	0.01142	0.0123	0.0135	0.01395	0.01258	0.01217	0.01342	0.0119	0.01288	0.0118	0.01205	0.01291	0.01303	0.0132	0.01282	0.0118	0.01123	0.0	0.01107	0.01285	0.01407	0.0133	0.01263	0.01331	0.01308	0.0126	0.01253	0.01129	0.01201	0.01118	0.01299	0.01291	0.01147	0.0128	0.01288	0.01346	0.01281	0.0123	0.01203	0.01222	0.01225	0.01309	0.01088	0.0117	0.01136	0.01101	0.01248	0.01252	0.01298	0.01354	0.0128	0.01283	0.01161	0.01352	0.01177	0.01218	0.0126	0.01264	0.01212	0.01289	0.01162	0.01147	0.01348	0.01257	0.01188	0.01247	0.00875	0.01345	0.01288	0.01254	0.01268	0.01185	0.01153	0.01229	0.01312	0.01215	0.0124	0.01132	0.01211	0.0142	0.01235	0.01311	0.01143	0.01148	0.0129	0.01172	0.01149	0.01253	0.01059	0.01141	0.01265	0.01282	0.01211	0.01154	0.01072	0.01009	0.01348	0.01251	0.01236	0.01276	0.01196	0.01212	0.01285	0.01222	0.00935	0.01213	0.01233	0.01262	0.01249	0.01327	0.01271	0.01207	0.01229	0.01324	0.01365	0.01255	0.01113	0.01385	0.01022	0.01308	0.01205	0.01176	0.01202	0.01083	0.01414	0.01237	0.01102	0.01153	0.01138	0.01345	0.01105	0.01163	0.01289	0.01214	0.01373	0.01364	0.01263
louse	0.01288	0.01124	0.01142	0.0117	0.01359	0.01121	0.0115	0.01202	0.01293	0.01225	0.01195	0.01247	0.01234	0.01323	0.0125	0.01134	0.0118	0.01362	0.01211	0.0119	0.01312	0.01198	0.01169	0.0132	0.01249	0.01404	0.01406	0.01161	0.01085	0.01145	0.01344	0.01341	0.01309	0.01258	0.01169	0.01124	0.0082	0.01069	0.01076	0.01113	0.01297	0.0121	0.01057	0.0139	0.01168	0.01032	0.0121	0.01226	0.01115	0.01225	0.01272	0.01285	0.01334	0.01246	0.01292	0.01275	0.01289	0.01276	0.01285	0.01323	0.01153	0.01241	0.01379	0.01236	0.01331	0.01308	0.01049	0.01073	0.01358	0.01325	0.01325	0.01347	0.01233	0.0121	0.01337	0.01245	0.01308	0.01384	0.01126	0.01131	0.01314	0.01116	0.01234	0.01186	0.01328	0.0129	0.01257	0.01102	0.01268	0.01337	0.01193	0.01156	0.01328	0.01305	0.01363	0.01185	0.0128	0.01334	0.01032	0.01369	0.01203	0.01287	0.01136	0.01141	0.01232	0.01303	0.01418	0.01047	0.01135	0.01293	0.01199	0.01329	0.01224	0.01262	0.01232	0.01246	0.0129	0.0129	0.01149	0.01178	0.01107	0.0	0.01304	0.01401	0.01353	0.01299	0.01263	0.01259	0.01083	0.01314	0.01131	0.01268	0.01256	0.01204	0.01202	0.01106	0.01332	0.01239	0.01364	0.01242	0.01262	0.01188	0.01182	0.01264	0.01346	0.012	0.01283	0.01199	0.01102	0.01272	0.01288	0.01336	0.01267	0.01302	0.01321	0.01231	0.01266	0.0123	0.01296	0.01328	0.0119	0.01312	0.01235	0.01207	0.0127	0.01387	0.01255	0.01184	0.01192	0.01203	0.01366	0.0125	0.01275	0.01364	0.01147	0.01198	0.0128	0.01404	0.01178	0.01297	0.01258	0.01243	0.01471	0.01362	0.01262	0.01199	0.01207	0.01273	0.0099	0.0115	0.01264	0.01048	0.01259	0.01111	0.01335	0.01252	0.01318	0.01149	0.01148	0.01223	0.01184	0.01205	0.01324	0.01232	0.01168	0.01294	0.01327	0.01164	0.01151	0.01258	0.01273	0.01045	0.01227	0.01296	0.01253	0.01185	0.01363	0.01363	0.01251	0.0098	0.01328	0.01088	0.01328	0.01124	0.01072	0.01316	0.01283	0.01398	0.01266	0.01319	0.01028	0.0103	0.01325	0.01166	0.01294	0.01253	0.01179	0.01328	0.01372	0.01268
lynx	0.01215	0.01369	0.01355	0.01276	0.01264	0.01165	0.01265	0.01291	0.01182	0.01281	0.01298	0.0131	0.01364	0.01295	0.01277	0.01282	0.01359	0.01418	0.01334	0.01277	0.01306	0.01354	0.01262	0.0136	0.01177	0.01289	0.01455	0.01248	0.01213	0.013	0.01354	0.01363	0.01301	0.01155	0.01297	0.01307	0.01353	0.01309	0.01391	0.01289	0.01226	0.01351	0.01364	0.01369	0.01343	0.01273	0.012	0.01354	0.01295	0.01363	0.01335	0.01184	0.01388	0.01389	0.01219	0.01253	0.01334	0.01328	0.01319	0.01288	0.01308	0.01325	0.01364	0.01295	0.01228	0.01102	0.01348	0.01326	0.01343	0.01212	0.01341	0.01229	0.01327	0.01305	0.0128	0.01372	0.0129	0.01275	0.01239	0.01409	0.01376	0.01244	0.01323	0.01316	0.01418	0.01351	0.01263	0.01292	0.01261	0.014	0.01233	0.01178	0.01293	0.01298	0.0135	0.01233	0.01241	0.01358	0.01327	0.01376	0.01273	0.01314	0.01376	0.01296	0.01251	0.01207	0.01412	0.01346	0.01174	0.01161	0.01277	0.01287	0.01345	0.01355	0.01369	0.01286	0.01259	0.01231	0.01359	0.0137	0.01285	0.01304	0.0	0.01363	0.01272	0.0127	0.01252	0.01372	0.01229	0.01287	0.01288	0.01167	0.01316	0.01341	0.01342	0.0133	0.01364	0.01323	0.01398	0.01319	0.01322	0.0129	0.01299	0.01254	0.01239	0.01355	0.01358	0.01282	0.012	0.01336	0.01371	0.01364	0.01277	0.01281	0.0135	0.01335	0.0114	0.01281	0.01323	0.01352	0.01274	0.01322	0.01298	0.01251	0.01301	0.0132	0.01244	0.01242	0.01318	0.01302	0.01125	0.0133	0.01179	0.01224	0.01319	0.01304	0.01243	0.01384	0.01292	0.0126	0.01215	0.01127	0.01378	0.01399	0.01421	0.01327	0.01263	0.01221	0.01339	0.01228	0.01282	0.01349	0.01234	0.01226	0.01343	0.01293	0.01235	0.01348	0.01367	0.01236	0.01325	0.01281	0.01315	0.01364	0.01311	0.01328	0.01285	0.01361	0.01256	0.01249	0.01381	0.01442	0.01323	0.01361	0.01364	0.0125	0.01341	0.01314	0.0129	0.01322	0.01288	0.01317	0.01355	0.012	0.01306	0.01371	0.01292	0.01372	0.01283	0.01283	0.01249	0.01276	0.01258	0.01322	0.01296	0.01292	0.01252	0.01359	0.01327	0.01222
mandril	0.01419	0.01409	0.01378	0.01416	0.01461	0.0138	0.01489	0.0145	0.01468	0.01484	0.01425	0.01351	0.01441	0.01473	0.01434	0.01405	0.01483	0.01447	0.01492	0.01451	0.01329	0.01368	0.0144	0.01474	0.014	0.01453	0.01371	0.01341	0.01314	0.01381	0.01432	0.01391	0.01454	0.01498	0.01362	0.01471	0.01403	0.0141	0.01472	0.01407	0.01431	0.01369	0.01399	0.01423	0.01424	0.01315	0.01472	0.01407	0.01435	0.01356	0.01437	0.01469	0.01383	0.014	0.0138	0.01492	0.0143	0.01452	0.01443	0.01473	0.0133	0.01404	0.01334	0.01367	0.01366	0.01433	0.01396	0.01446	0.0148	0.01451	0.01472	0.01341	0.01454	0.01466	0.01379	0.01414	0.01303	0.01395	0.01413	0.01474	0.01461	0.0149	0.01438	0.01473	0.01487	0.01405	0.01453	0.01393	0.01443	0.01462	0.0134	0.0148	0.01426	0.01431	0.01376	0.01372	0.0137	0.01506	0.01424	0.01442	0.01387	0.0143	0.01425	0.01387	0.01402	0.01339	0.01402	0.01364	0.01445	0.01415	0.0145	0.01438	0.01482	0.01379	0.01413	0.01443	0.01341	0.01373	0.01396	0.01477	0.01407	0.01401	0.01363	0.0	0.01433	0.01337	0.01489	0.01417	0.01417	0.01455	0.01427	0.01381	0.01427	0.01448	0.01362	0.01346	0.01448	0.01466	0.01433	0.01481	0.01398	0.01415	0.0145	0.01386	0.01477	0.01433	0.01428	0.01414	0.01331	0.01448	0.01473	0.01435	0.01426	0.01465	0.01474	0.01423	0.01451	0.01424	0.01462	0.01438	0.0139	0.01431	0.0144	0.0145	0.01441	0.01465	0.01447	0.01449	0.01426	0.01458	0.0137	0.01458	0.01448	0.01398	0.01479	0.01437	0.01391	0.01336	0.01446	0.01395	0.01398	0.01407	0.0139	0.01418	0.01371	0.01407	0.01453	0.01255	0.01458	0.01485	0.01387	0.01452	0.01441	0.01408	0.01404	0.01453	0.01447	0.01405	0.01435	0.01331	0.01394	0.0142	0.01493	0.01417	0.01439	0.01442	0.01376	0.01461	0.01373	0.01446	0.01363	0.0147	0.01364	0.01427	0.01425	0.01366	0.01439	0.01408	0.01462	0.01446	0.01382	0.0141	0.01472	0.01418	0.01409	0.01419	0.01471	0.01432	0.01437	0.01435	0.01466	0.01374	0.01435	0.01454	0.01432	0.01448	0.01416	0.01451	0.0145	0.01445
mallard	0.01161	0.01304	0.01303	0.0121	0.01257	0.01222	0.01318	0.01333	0.01182	0.01286	0.01287	0.01359	0.01301	0.01198	0.01281	0.01315	0.01351	0.01337	0.01256	0.01201	0.01215	0.01403	0.01233	0.01405	0.01331	0.013	0.01253	0.01307	0.01292	0.01323	0.01306	0.01337	0.01224	0.01276	0.01322	0.01288	0.01341	0.01307	0.01306	0.01144	0.0129	0.01361	0.01421	0.01402	0.01392	0.01359	0.01277	0.01381	0.01293	0.01335	0.01263	0.01209	0.0127	0.01212	0.0131	0.01262	0.01382	0.01237	0.01284	0.01328	0.01356	0.0134	0.01204	0.01335	0.01281	0.0133	0.01287	0.01314	0.01344	0.0124	0.01233	0.01299	0.01223	0.01366	0.01218	0.01404	0.01369	0.01277	0.0133	0.01343	0.01306	0.01325	0.01302	0.01346	0.01351	0.01295	0.01291	0.0131	0.01182	0.01285	0.01313	0.01283	0.01095	0.01166	0.01251	0.01288	0.01236	0.01259	0.01309	0.01187	0.01311	0.01345	0.01364	0.01274	0.01259	0.01372	0.01361	0.01293	0.01249	0.0123	0.01254	0.01299	0.01303	0.01318	0.0129	0.01292	0.01291	0.01237	0.01385	0.01248	0.0133	0.01353	0.01272	0.01433	0.0	0.01219	0.01233	0.01311	0.01319	0.01241	0.01305	0.01327	0.01259	0.01229	0.0139	0.01383	0.0135	0.01272	0.01259	0.01342	0.01305	0.01384	0.013	0.01201	0.01223	0.01318	0.01042	0.01298	0.01364	0.01274	0.01273	0.01094	0.0125	0.01145	0.01303	0.01341	0.01304	0.01227	0.01154	0.01271	0.01298	0.01283	0.01278	0.01237	0.01279	0.01314	0.01274	0.0125	0.01288	0.01285	0.01425	0.01363	0.0128	0.01347	0.01312	0.01236	0.01236	0.01395	0.01197	0.0124	0.01266	0.01347	0.01318	0.01322	0.01369	0.01321	0.01338	0.01261	0.01357	0.01214	0.01238	0.01325	0.01208	0.01293	0.01357	0.01276	0.01212	0.01375	0.01242	0.01341	0.01405	0.01256	0.01225	0.01427	0.01385	0.01242	0.01383	0.0134	0.01281	0.0124	0.0134	0.0137	0.01337	0.01157	0.01286	0.01253	0.01184	0.01259	0.01285	0.01272	0.01339	0.01325	0.01358	0.01297	0.01356	0.01327	0.01264	0.01407	0.01211	0.01231	0.01237	0.01344	0.0125	0.01275	0.01287	0.01259	0.01336	0.01175	0.0135	0.01169
mammoth	0.01197	0.01283	0.01247	0.01207	0.01284	0.01157	0.01307	0.01326	0.01263	0.0126	0.01215	0.01259	0.0136	0.01215	0.01266	0.01198	0.01357	0.01269	0.01302	0.01272	0.01142	0.0137	0.01171	0.01291	0.01401	0.01354	0.01342	0.01215	0.01237	0.01147	0.01351	0.01336	0.01348	0.01301	0.01304	0.01349	0.0129	0.0137	0.01304	0.01226	0.0125	0.01335	0.0142	0.01428	0.01323	0.01161	0.01234	0.0139	0.01217	0.01306	0.01335	0.01217	0.01061	0.01176	0.01288	0.0134	0.01257	0.01271	0.01279	0.01296	0.01189	0.01207	0.01137	0.01232	0.01041	0.01296	0.01329	0.01309	0.0131	0.0122	0.01372	0.0119	0.01191	0.01299	0.01209	0.01305	0.01249	0.0118	0.01264	0.01362	0.01316	0.01342	0.01267	0.01372	0.01333	0.01314	0.01204	0.01125	0.01286	0.01402	0.01204	0.01229	0.01215	0.01237	0.01335	0.01275	0.01181	0.01275	0.0125	0.01203	0.01266	0.01331	0.01304	0.01228	0.01081	0.01306	0.01244	0.0123	0.01302	0.01191	0.01299	0.01268	0.01241	0.01256	0.01298	0.01264	0.01203	0.01121	0.01248	0.01283	0.01263	0.01299	0.0127	0.01337	0.01219	0.0	0.01281	0.01291	0.01266	0.01233	0.01255	0.01146	0.01237	0.01194	0.01357	0.01281	0.01287	0.01336	0.01206	0.01307	0.01253	0.01318	0.01228	0.01115	0.01237	0.01125	0.01225	0.0123	0.01066	0.01283	0.01302	0.01207	0.0121	0.01175	0.01201	0.01345	0.01265	0.01181	0.01204	0.01267	0.01247	0.01367	0.01284	0.01342	0.01174	0.01258	0.01218	0.0116	0.01323	0.0124	0.01273	0.01316	0.01182	0.01238	0.01258	0.01183	0.01111	0.01252	0.01282	0.011	0.01145	0.01271	0.01236	0.01187	0.01384	0.01215	0.01397	0.01092	0.01245	0.01335	0.01155	0.01362	0.01203	0.01233	0.01328	0.01414	0.01265	0.01296	0.01323	0.01219	0.01349	0.01239	0.0126	0.01392	0.01295	0.01315	0.01178	0.01429	0.01193	0.01269	0.01266	0.01361	0.01264	0.01234	0.01137	0.01285	0.01161	0.01243	0.0127	0.01211	0.01339	0.01272	0.0134	0.01315	0.01309	0.01258	0.01373	0.01511	0.01276	0.01251	0.01277	0.01308	0.01198	0.01347	0.01173	0.01226	0.01214	0.01196	0.01354	0.01175
marmot	0.01322	0.0137	0.01341	0.01223	0.0114	0.01331	0.01231	0.0124	0.01189	0.01167	0.01319	0.0134	0.01345	0.01163	0.01374	0.01287	0.01223	0.01369	0.01242	0.01295	0.01309	0.01327	0.01274	0.01394	0.01265	0.01342	0.01341	0.0133	0.01374	0.0132	0.01352	0.01375	0.01228	0.01062	0.01322	0.01191	0.01223	0.01302	0.01268	0.01209	0.01165	0.0135	0.01343	0.01409	0.01326	0.01377	0.01261	0.01361	0.0125	0.01296	0.01337	0.01094	0.01306	0.01319	0.01436	0.0119	0.01224	0.0136	0.01239	0.01274	0.01423	0.0124	0.01371	0.01335	0.01188	0.01252	0.01307	0.01266	0.01282	0.01172	0.01307	0.01355	0.01242	0.01301	0.01296	0.01357	0.01383	0.01243	0.01173	0.01388	0.01414	0.01148	0.01285	0.01341	0.013	0.01215	0.01288	0.01279	0.0118	0.01374	0.01335	0.01113	0.01239	0.01258	0.01316	0.01327	0.01212	0.01248	0.01374	0.01274	0.01284	0.0131	0.01248	0.01229	0.01224	0.01407	0.01418	0.0127	0.01082	0.01272	0.01185	0.01312	0.01268	0.01404	0.01257	0.01089	0.01353	0.01258	0.01359	0.0134	0.01331	0.01263	0.01252	0.01489	0.01233	0.01281	0.0	0.01329	0.01259	0.01226	0.01234	0.0133	0.01279	0.01197	0.0136	0.01368	0.01311	0.01283	0.01344	0.01216	0.01315	0.01291	0.01212	0.01199	0.01163	0.01289	0.01264	0.01228	0.01345	0.01304	0.01259	0.01344	0.01201	0.01266	0.01305	0.01289	0.01167	0.01229	0.01231	0.01328	0.0141	0.01214	0.01274	0.01229	0.01206	0.01275	0.0121	0.01147	0.01153	0.01293	0.01338	0.01416	0.01078	0.01292	0.01233	0.0125	0.01198	0.01479	0.01249	0.01271	0.01296	0.01235	0.01395	0.01315	0.01344	0.01204	0.01279	0.01283	0.01364	0.01168	0.01261	0.01348	0.01288	0.01256	0.01335	0.01301	0.01236	0.01351	0.01332	0.01365	0.01419	0.01253	0.01249	0.01417	0.01304	0.01212	0.01251	0.01362	0.01324	0.01181	0.01354	0.01325	0.01341	0.01238	0.0138	0.01271	0.01295	0.01345	0.01261	0.01297	0.01305	0.01361	0.01308	0.01224	0.01289	0.01288	0.01258	0.01333	0.01258	0.01274	0.0117	0.01287	0.01181	0.01285	0.01227	0.01241	0.0119	0.01281	0.01363	0.01153
midge	0.01351	0.01346	0.01346	0.01367	0.01302	0.01241	0.01348	0.01409	0.01364	0.01359	0.0134	0.01354	0.013	0.01328	0.01216	0.01316	0.01331	0.01102	0.01323	0.01323	0.01294	0.01341	0.01259	0.01394	0.01417	0.01452	0.01347	0.01277	0.01217	0.01308	0.0134	0.01375	0.0132	0.01388	0.01291	0.01405	0.01255	0.01326	0.01169	0.01223	0.01341	0.01356	0.01236	0.0144	0.01404	0.013	0.01326	0.01316	0.01333	0.01326	0.01346	0.01287	0.01311	0.01312	0.01408	0.01384	0.0134	0.01302	0.01264	0.01401	0.01255	0.01328	0.01331	0.01279	0.01335	0.01319	0.01312	0.01307	0.01278	0.01271	0.01336	0.01341	0.0132	0.01388	0.01357	0.0124	0.01304	0.01344	0.01372	0.01301	0.01317	0.01357	0.01246	0.01306	0.01364	0.01268	0.01295	0.01333	0.01304	0.01361	0.01283	0.01326	0.01285	0.01355	0.013	0.01321	0.01261	0.01274	0.01294	0.0139	0.01328	0.01345	0.01382	0.01333	0.01297	0.01357	0.01307	0.01338	0.0126	0.01351	0.01344	0.01312	0.01349	0.01267	0.01215	0.0125	0.01355	0.01391	0.01228	0.01295	0.01308	0.01259	0.01372	0.01417	0.01311	0.01291	0.01329	0.0	0.01356	0.01182	0.01368	0.0135	0.01231	0.01222	0.01256	0.01296	0.01353	0.0129	0.01311	0.01376	0.01281	0.01315	0.01285	0.01333	0.01368	0.01299	0.01349	0.0136	0.01338	0.01421	0.0137	0.0131	0.01248	0.01349	0.01339	0.01322	0.01407	0.0122	0.01276	0.0138	0.01361	0.01305	0.01321	0.01373	0.01197	0.01317	0.01343	0.01242	0.01331	0.01323	0.01404	0.01361	0.01323	0.01356	0.01257	0.01364	0.01292	0.01233	0.01288	0.01352	0.01237	0.01372	0.01287	0.01298	0.0137	0.01269	0.01326	0.01324	0.01318	0.01358	0.01347	0.01357	0.014	0.01341	0.01457	0.01409	0.01293	0.01298	0.01391	0.01364	0.01318	0.0129	0.01243	0.0145	0.01383	0.01193	0.01367	0.0135	0.01319	0.01373	0.01327	0.01313	0.01353	0.01367	0.01308	0.01304	0.01304	0.01346	0.01391	0.01204	0.01352	0.01287	0.0137	0.01382	0.01379	0.0129	0.01388	0.01441	0.01363	0.01388	0.01333	0.01188	0.01273	0.01383	0.01289	0.01289	0.01325	0.01292	0.01342	0.01241
millipede	0.01215	0.01151	0.01124	0.01178	0.01302	0.01153	0.01161	0.01158	0.01251	0.01188	0.01192	0.01238	0.01277	0.01322	0.01265	0.01124	0.01205	0.01373	0.01182	0.01057	0.01216	0.01267	0.01152	0.01256	0.01174	0.0134	0.01392	0.01191	0.01229	0.01155	0.01276	0.01364	0.01382	0.01215	0.01249	0.01225	0.01105	0.01227	0.01214	0.01128	0.01305	0.01319	0.01313	0.01462	0.01254	0.01095	0.01149	0.01316	0.01149	0.01275	0.0136	0.0118	0.01307	0.01267	0.01231	0.01249	0.01244	0.01231	0.01276	0.01235	0.01181	0.01093	0.01324	0.01337	0.01253	0.01248	0.01208	0.01223	0.01321	0.01274	0.01343	0.01274	0.01167	0.01234	0.01163	0.01262	0.01331	0.01288	0.01167	0.01355	0.01338	0.01059	0.01179	0.01229	0.01355	0.01331	0.01215	0.01156	0.01331	0.01383	0.01214	0.01099	0.01267	0.01334	0.01382	0.01191	0.01184	0.01361	0.01187	0.01324	0.01208	0.01288	0.0114	0.01166	0.01173	0.01222	0.0138	0.01188	0.01189	0.01223	0.01219	0.0126	0.01158	0.01226	0.01213	0.0126	0.01247	0.01243	0.01186	0.01259	0.0126	0.01083	0.01229	0.01417	0.01319	0.01266	0.01259	0.01356	0.0	0.01329	0.01144	0.01241	0.01194	0.01133	0.01326	0.01227	0.01329	0.01262	0.01389	0.01296	0.01322	0.01297	0.01152	0.01153	0.01279	0.01119	0.01246	0.01135	0.01173	0.01275	0.01226	0.01304	0.01197	0.01278	0.01311	0.01345	0.01257	0.01205	0.01314	0.01365	0.01136	0.01334	0.0117	0.01258	0.01172	0.01303	0.01217	0.01069	0.01208	0.01229	0.01191	0.0123	0.01176	0.01223	0.01207	0.01183	0.01179	0.01365	0.01157	0.01266	0.01181	0.01247	0.01396	0.01242	0.01347	0.01181	0.0132	0.01258	0.01114	0.01144	0.01186	0.01202	0.01206	0.01155	0.01345	0.01383	0.01215	0.0126	0.01192	0.01228	0.01339	0.01147	0.01251	0.01294	0.01179	0.01192	0.01256	0.01258	0.01173	0.01205	0.01282	0.01237	0.01245	0.01245	0.01273	0.01356	0.01383	0.01342	0.01124	0.01139	0.01169	0.01234	0.01364	0.01096	0.01186	0.01233	0.0131	0.01439	0.0112	0.01259	0.00909	0.01208	0.01225	0.0124	0.01227	0.01134	0.01156	0.01364	0.01344	0.01245
mink	0.01297	0.01284	0.01304	0.01197	0.01156	0.01328	0.01258	0.01312	0.01153	0.01233	0.0123	0.01341	0.01274	0.01122	0.01264	0.01316	0.01322	0.0127	0.01286	0.01146	0.01324	0.01385	0.01234	0.01379	0.01343	0.01301	0.01339	0.01338	0.01296	0.01284	0.01236	0.01337	0.01169	0.01145	0.0133	0.01288	0.01283	0.01257	0.01204	0.01287	0.01164	0.01309	0.01346	0.01313	0.01382	0.01275	0.01252	0.01328	0.01264	0.013	0.0115	0.01183	0.01235	0.01341	0.01338	0.01248	0.0129	0.01219	0.0129	0.01292	0.01314	0.01241	0.01314	0.01313	0.01176	0.01258	0.01306	0.01307	0.0126	0.01168	0.01359	0.01358	0.01202	0.01317	0.01256	0.01269	0.01334	0.01212	0.01272	0.01313	0.01393	0.01228	0.01226	0.01203	0.01347	0.01145	0.01179	0.01251	0.01219	0.01257	0.01367	0.01238	0.01207	0.01241	0.01297	0.01271	0.01123	0.01238	0.01297	0.01376	0.01298	0.01283	0.01347	0.01233	0.01276	0.01371	0.01272	0.01334	0.0109	0.01288	0.01261	0.01293	0.01276	0.01244	0.01202	0.01208	0.01297	0.01297	0.01282	0.01227	0.01253	0.01314	0.01287	0.01455	0.01241	0.01233	0.01226	0.01182	0.01329	0.0	0.01261	0.01282	0.01196	0.01298	0.01319	0.0129	0.0127	0.01283	0.01332	0.01304	0.01339	0.01335	0.01253	0.01229	0.01162	0.01253	0.01256	0.0123	0.01336	0.01305	0.01278	0.01304	0.01186	0.01312	0.01386	0.01311	0.01182	0.0105	0.01214	0.01346	0.01306	0.01182	0.01268	0.01299	0.01178	0.0124	0.01227	0.01153	0.01243	0.01164	0.01339	0.01382	0.01137	0.0127	0.01253	0.01251	0.0117	0.0131	0.01205	0.01284	0.01144	0.01269	0.0138	0.01327	0.01254	0.01199	0.01294	0.01292	0.01372	0.01249	0.01338	0.01282	0.01251	0.01265	0.01315	0.01239	0.01193	0.01269	0.01201	0.01393	0.01346	0.01212	0.01151	0.01381	0.01356	0.01186	0.01327	0.01236	0.0127	0.0127	0.01308	0.0135	0.0131	0.01314	0.01301	0.01297	0.01285	0.0127	0.01275	0.01205	0.01258	0.0128	0.01362	0.01303	0.0128	0.01205	0.01238	0.01392	0.01257	0.01238	0.01315	0.01231	0.01216	0.01304	0.01215	0.01272	0.01201	0.0128	0.01361	0.01166
mole	0.0122	0.01207	0.01178	0.00891	0.01221	0.01254	0.01083	0.01214	0.01231	0.01243	0.01193	0.01266	0.01214	0.01331	0.01286	0.01072	0.012	0.01404	0.01184	0.0116	0.01327	0.01247	0.01056	0.01284	0.0115	0.01408	0.01368	0.01304	0.01298	0.01173	0.01264	0.01308	0.01364	0.01186	0.01216	0.01147	0.01192	0.01135	0.01245	0.01191	0.01233	0.01273	0.01342	0.01418	0.01229	0.01172	0.01053	0.01166	0.01068	0.01277	0.013	0.01172	0.01302	0.01184	0.01314	0.01205	0.01215	0.01208	0.01242	0.01188	0.01266	0.01186	0.01208	0.01269	0.0118	0.01174	0.01245	0.01174	0.01276	0.01332	0.01299	0.013	0.01081	0.01246	0.01218	0.01283	0.01375	0.01354	0.01155	0.01276	0.01411	0.01062	0.01197	0.01223	0.01331	0.01248	0.01171	0.01043	0.01187	0.01293	0.01215	0.01085	0.01225	0.01326	0.01326	0.01271	0.01159	0.01187	0.01215	0.01343	0.01173	0.01161	0.01133	0.01083	0.01189	0.01264	0.01416	0.01166	0.01135	0.01235	0.0118	0.01282	0.0104	0.01275	0.01243	0.01257	0.01303	0.01245	0.01226	0.01193	0.01129	0.01131	0.01288	0.01427	0.01305	0.01255	0.01234	0.01368	0.01144	0.01261	0.0	0.01178	0.01161	0.0122	0.01322	0.01188	0.01265	0.01241	0.01329	0.0127	0.0119	0.01184	0.01073	0.01131	0.01268	0.0113	0.01198	0.01103	0.01183	0.01184	0.01189	0.01247	0.01189	0.01267	0.01298	0.01283	0.01258	0.01049	0.01174	0.014	0.01282	0.01342	0.0117	0.01245	0.01143	0.01294	0.01169	0.01101	0.01235	0.01186	0.01298	0.012	0.01092	0.01211	0.0113	0.01149	0.01179	0.01427	0.01052	0.01182	0.01099	0.01125	0.0143	0.01202	0.01396	0.01171	0.01261	0.01243	0.01232	0.01169	0.01164	0.0113	0.0119	0.01141	0.01265	0.01314	0.01182	0.01091	0.01206	0.01305	0.01263	0.01231	0.01207	0.01152	0.01112	0.012	0.01139	0.01226	0.01237	0.01227	0.01202	0.01231	0.01314	0.01186	0.01241	0.01232	0.01309	0.0133	0.01135	0.01146	0.01199	0.01216	0.01291	0.01104	0.01162	0.0121	0.01297	0.01355	0.01191	0.01219	0.01118	0.01173	0.01288	0.01208	0.01106	0.01163	0.01136	0.01351	0.01342	0.01203
mongoose	0.012	0.01287	0.01205	0.01108	0.01279	0.01134	0.01142	0.01251	0.01225	0.01221	0.01045	0.01211	0.01219	0.01289	0.01251	0.01189	0.01323	0.01302	0.01249	0.01117	0.01263	0.01358	0.01056	0.01302	0.01236	0.01227	0.01441	0.01249	0.01239	0.01128	0.01301	0.01399	0.01312	0.0114	0.01246	0.01306	0.01319	0.01326	0.01291	0.01184	0.01189	0.01249	0.01391	0.01401	0.01288	0.01175	0.01184	0.01354	0.01157	0.01287	0.01353	0.01075	0.0127	0.01254	0.01226	0.01271	0.01203	0.01241	0.01232	0.01061	0.01218	0.01062	0.01292	0.01157	0.01093	0.01195	0.01315	0.01282	0.01268	0.01176	0.01322	0.01232	0.01247	0.01285	0.01211	0.01274	0.01299	0.01233	0.01193	0.01393	0.01367	0.01196	0.01238	0.01201	0.01337	0.01348	0.01128	0.0108	0.01209	0.01368	0.01231	0.01136	0.01219	0.01305	0.01347	0.01194	0.0116	0.01248	0.01262	0.01397	0.01278	0.0119	0.0127	0.01181	0.01247	0.01104	0.01339	0.01277	0.0123	0.01321	0.01261	0.0123	0.01044	0.01253	0.01276	0.01294	0.01034	0.01113	0.01239	0.01206	0.01201	0.01268	0.01167	0.01381	0.01327	0.01146	0.0133	0.0135	0.01241	0.01282	0.01178	0.0	0.01146	0.01202	0.01277	0.0125	0.01241	0.01296	0.01384	0.01332	0.01269	0.01212	0.0117	0.01223	0.01292	0.01032	0.01175	0.01219	0.01057	0.0135	0.01326	0.01193	0.01175	0.01251	0.01291	0.01347	0.01188	0.01134	0.01248	0.01343	0.01169	0.01334	0.01216	0.01304	0.01136	0.01255	0.01221	0.0112	0.01346	0.01236	0.01133	0.01263	0.01119	0.01202	0.0118	0.01184	0.01161	0.01285	0.01262	0.01229	0.01062	0.00982	0.01342	0.01203	0.01403	0.01155	0.01339	0.0106	0.01192	0.01234	0.01195	0.01344	0.01077	0.01174	0.01329	0.01304	0.01174	0.01303	0.01273	0.01266	0.01285	0.01162	0.01264	0.01358	0.01245	0.01245	0.01021	0.01275	0.01181	0.01245	0.01207	0.01348	0.01277	0.01246	0.01252	0.01249	0.01246	0.01318	0.01103	0.0121	0.0129	0.01239	0.01326	0.01293	0.01276	0.01244	0.01319	0.01452	0.01233	0.01176	0.01234	0.01242	0.01274	0.01301	0.01156	0.0115	0.01137	0.01343	0.01277	0.01141
monkey	0.01232	0.01168	0.01165	0.01116	0.01103	0.01246	0.01125	0.01249	0.01254	0.0123	0.01147	0.01209	0.01092	0.01264	0.0118	0.01118	0.012	0.01227	0.01144	0.01055	0.01294	0.01297	0.01038	0.01346	0.01288	0.01325	0.01301	0.01252	0.01274	0.01202	0.01185	0.01315	0.01294	0.0125	0.01181	0.0131	0.01301	0.01267	0.01089	0.01086	0.0116	0.01287	0.01311	0.01355	0.01311	0.01168	0.01104	0.01293	0.01081	0.01147	0.01267	0.01145	0.01202	0.01211	0.01359	0.01266	0.01197	0.00885	0.01143	0.01244	0.0126	0.01087	0.01277	0.01263	0.01172	0.01267	0.01212	0.01264	0.01124	0.01182	0.01346	0.01349	0.01095	0.01287	0.01258	0.01086	0.01312	0.01255	0.01276	0.01301	0.0128	0.0121	0.01094	0.01175	0.01354	0.00986	0.01199	0.01071	0.01137	0.01235	0.01216	0.01155	0.01072	0.01347	0.01233	0.01294	0.01041	0.01197	0.01258	0.01379	0.01163	0.01141	0.01219	0.01107	0.01149	0.01301	0.01384	0.01262	0.01184	0.0132	0.01248	0.01261	0.01055	0.01187	0.0102	0.01282	0.01242	0.01224	0.0119	0.01044	0.01118	0.01256	0.01316	0.01427	0.01259	0.01237	0.01279	0.01231	0.01194	0.01196	0.01161	0.01146	0.0	0.01077	0.01321	0.01163	0.01098	0.01246	0.01289	0.0134	0.0124	0.01331	0.01058	0.01141	0.01248	0.00969	0.01	0.01212	0.01192	0.0132	0.01213	0.01207	0.0116	0.01253	0.01243	0.01304	0.01224	0.00933	0.01108	0.01334	0.01233	0.01315	0.01218	0.01284	0.00904	0.0115	0.01253	0.01084	0.01231	0.01047	0.01293	0.0126	0.01208	0.01241	0.01025	0.01187	0.01143	0.01345	0.01065	0.01261	0.00912	0.01204	0.01378	0.01009	0.01348	0.00987	0.01283	0.0124	0.01202	0.01219	0.0119	0.0122	0.01184	0.01206	0.01308	0.01263	0.01101	0.01221	0.01199	0.0135	0.01182	0.01078	0.01084	0.01348	0.01252	0.01011	0.01095	0.01145	0.0127	0.01242	0.01004	0.01278	0.01325	0.01195	0.01251	0.01339	0.01283	0.01366	0.01101	0.01077	0.01125	0.01218	0.01301	0.01267	0.01332	0.00865	0.01294	0.01395	0.0119	0.01118	0.0118	0.01217	0.01226	0.01173	0.0083	0.0116	0.01046	0.01355	0.01258	0.01117
moose	0.01201	0.01257	0.01237	0.0117	0.01201	0.0116	0.01206	0.01221	0.0125	0.01175	0.01187	0.01236	0.01208	0.01224	0.01233	0.01164	0.01152	0.01246	0.01145	0.01171	0.01215	0.01284	0.0111	0.01312	0.01219	0.01304	0.01301	0.01269	0.01296	0.01177	0.01236	0.01392	0.01339	0.01252	0.01219	0.01291	0.01248	0.01249	0.01192	0.00974	0.01237	0.01295	0.01356	0.01445	0.01323	0.01233	0.01141	0.01364	0.01118	0.01183	0.01344	0.0112	0.012	0.01207	0.01359	0.01236	0.01185	0.01204	0.01002	0.01226	0.01279	0.01103	0.01279	0.01301	0.01236	0.01244	0.01193	0.01228	0.01249	0.01229	0.01166	0.01269	0.01112	0.01245	0.01235	0.01233	0.01323	0.01244	0.01227	0.01324	0.01298	0.01202	0.01164	0.01289	0.0132	0.01216	0.01182	0.01166	0.01241	0.01321	0.01252	0.01081	0.01167	0.01288	0.01324	0.01245	0.01114	0.01242	0.01239	0.01243	0.01158	0.0122	0.01163	0.01073	0.01132	0.01318	0.01367	0.01214	0.0119	0.01237	0.01162	0.01137	0.01113	0.01252	0.01154	0.0122	0.01308	0.01224	0.01247	0.01228	0.01299	0.01204	0.01341	0.01448	0.01229	0.01194	0.01197	0.01222	0.01133	0.01298	0.0122	0.01202	0.01077	0.0	0.01314	0.01224	0.0127	0.01313	0.01255	0.01355	0.01293	0.01317	0.01081	0.01127	0.01297	0.0111	0.01097	0.01211	0.01244	0.01307	0.01261	0.01233	0.00956	0.0119	0.01199	0.01316	0.01269	0.01082	0.01193	0.013	0.01214	0.01332	0.01204	0.0132	0.01116	0.01229	0.01223	0.01053	0.01162	0.01216	0.0134	0.01214	0.01189	0.01282	0.01131	0.01203	0.01147	0.01372	0.01159	0.01254	0.01195	0.01229	0.01343	0.01202	0.01369	0.0112	0.0135	0.01212	0.01205	0.01235	0.01193	0.01244	0.0121	0.01177	0.01355	0.01367	0.012	0.01256	0.01296	0.01268	0.01333	0.0117	0.01191	0.01372	0.01192	0.01132	0.01196	0.0132	0.01236	0.01224	0.01162	0.01237	0.01227	0.0121	0.0126	0.0132	0.01249	0.0137	0.01185	0.01191	0.01222	0.01257	0.0131	0.01284	0.01286	0.01203	0.01353	0.01432	0.0114	0.01263	0.01142	0.01217	0.01157	0.01309	0.0117	0.00903	0.01136	0.01185	0.01289	0.01054
moth	0.01313	0.01294	0.01338	0.01344	0.01375	0.01037	0.01359	0.01387	0.01312	0.01339	0.01322	0.01318	0.01343	0.01357	0.01268	0.01247	0.01331	0.01381	0.01437	0.01313	0.01283	0.0137	0.01351	0.01368	0.01425	0.0146	0.01447	0.01329	0.01156	0.01304	0.01382	0.01383	0.01376	0.01352	0.01146	0.01403	0.01224	0.01312	0.01256	0.01381	0.01335	0.01345	0.01112	0.01416	0.01376	0.01248	0.01366	0.01329	0.01232	0.01343	0.01376	0.01387	0.01335	0.01272	0.01356	0.01371	0.01366	0.01331	0.01345	0.0139	0.01326	0.01385	0.01316	0.01088	0.01351	0.01361	0.01279	0.01314	0.01465	0.01377	0.01463	0.01376	0.01282	0.01351	0.01343	0.01329	0.01328	0.01384	0.01258	0.01313	0.01366	0.01383	0.01287	0.01317	0.01469	0.01329	0.01372	0.01256	0.01333	0.01407	0.01254	0.01353	0.01289	0.0133	0.01398	0.01304	0.01319	0.0132	0.01251	0.01378	0.01298	0.01357	0.01365	0.01286	0.01296	0.01397	0.0148	0.01391	0.0126	0.01327	0.0139	0.01389	0.01339	0.01273	0.01371	0.01363	0.01376	0.01333	0.01258	0.01371	0.01291	0.01202	0.01342	0.01362	0.0139	0.01357	0.0136	0.01256	0.01326	0.01319	0.01322	0.01277	0.01321	0.01314	0.0	0.01216	0.0134	0.01408	0.0134	0.01284	0.01221	0.01059	0.01316	0.0127	0.01395	0.01345	0.01349	0.01312	0.01265	0.0135	0.01307	0.01314	0.01378	0.0136	0.01404	0.01332	0.01438	0.0127	0.0131	0.01429	0.01375	0.01349	0.01403	0.01363	0.01317	0.01344	0.01356	0.01304	0.01377	0.01332	0.01383	0.01385	0.01339	0.01415	0.01342	0.0131	0.01331	0.01377	0.01322	0.01303	0.01307	0.01311	0.01496	0.01419	0.01382	0.01323	0.01362	0.01276	0.01356	0.01387	0.01291	0.0129	0.01388	0.01342	0.01415	0.01372	0.01336	0.0115	0.01266	0.01345	0.01273	0.01319	0.01396	0.01334	0.01292	0.01407	0.01325	0.01288	0.01298	0.01402	0.01387	0.01285	0.01354	0.01321	0.01319	0.01172	0.01388	0.01395	0.01351	0.01165	0.01362	0.01325	0.01354	0.0137	0.01254	0.01341	0.01385	0.01377	0.01346	0.01371	0.01279	0.01061	0.0127	0.01363	0.01306	0.01335	0.01321	0.01311	0.01294	0.01332
mouse	0.01261	0.01124	0.01141	0.01199	0.01313	0.01211	0.01329	0.01315	0.01291	0.01302	0.01207	0.01257	0.01249	0.01433	0.01286	0.01173	0.01279	0.01335	0.01357	0.0124	0.01323	0.01329	0.01226	0.0133	0.01388	0.0145	0.01435	0.01215	0.01211	0.01218	0.01346	0.01372	0.01322	0.01348	0.0122	0.01309	0.0124	0.01223	0.01229	0.01247	0.01373	0.01256	0.01227	0.01348	0.01284	0.01129	0.01287	0.01215	0.01167	0.0126	0.01297	0.01217	0.01365	0.01307	0.01289	0.01399	0.0128	0.01261	0.01341	0.01363	0.01194	0.0122	0.01368	0.01248	0.01312	0.01392	0.01158	0.01232	0.01358	0.01353	0.01382	0.01349	0.01287	0.01329	0.0129	0.01186	0.01319	0.01386	0.01236	0.01213	0.01375	0.01319	0.01171	0.01259	0.01436	0.01308	0.01287	0.01142	0.01361	0.01311	0.01254	0.01269	0.01284	0.01305	0.01362	0.01212	0.01178	0.01337	0.01104	0.01367	0.01193	0.01319	0.01262	0.01156	0.01292	0.01284	0.01398	0.01261	0.01276	0.01326	0.01324	0.01334	0.01284	0.01265	0.01245	0.01294	0.01256	0.01299	0.01166	0.01209	0.01147	0.01106	0.0133	0.01346	0.01383	0.01281	0.01368	0.01296	0.01227	0.0129	0.01188	0.0125	0.01163	0.01224	0.01216	0.0	0.01317	0.01312	0.01411	0.01412	0.01294	0.01288	0.01292	0.01263	0.01431	0.0116	0.01214	0.01208	0.01131	0.01364	0.01334	0.01397	0.01324	0.01333	0.01335	0.01341	0.01365	0.01184	0.01294	0.01407	0.01142	0.01323	0.01355	0.01321	0.01188	0.01268	0.01345	0.01287	0.01303	0.01173	0.01303	0.0129	0.01301	0.01345	0.01157	0.01245	0.01288	0.01344	0.01326	0.01281	0.01185	0.01295	0.01432	0.0132	0.01373	0.01152	0.01331	0.01265	0.01167	0.0127	0.01264	0.01172	0.01276	0.01252	0.01323	0.01316	0.01206	0.00976	0.01184	0.01203	0.01286	0.01199	0.01306	0.01121	0.01283	0.01252	0.01304	0.0123	0.01194	0.01328	0.01214	0.01277	0.0127	0.01338	0.01293	0.0134	0.01393	0.01334	0.0123	0.01132	0.01293	0.01114	0.01348	0.01276	0.01265	0.01314	0.0131	0.01463	0.0134	0.01254	0.012	0.0111	0.01291	0.01291	0.01254	0.01298	0.01256	0.01357	0.01363	0.01278
mule	0.01266	0.01358	0.0137	0.01285	0.01169	0.01303	0.01176	0.01355	0.013	0.01244	0.01299	0.01302	0.0131	0.01327	0.01323	0.01297	0.01327	0.01343	0.01323	0.0123	0.01388	0.01382	0.01251	0.01393	0.01355	0.01328	0.01277	0.01338	0.01369	0.01319	0.01042	0.0138	0.01324	0.01249	0.01265	0.01333	0.01372	0.01321	0.01262	0.01299	0.01197	0.01401	0.01395	0.01414	0.01383	0.01271	0.01186	0.01346	0.01282	0.01371	0.01363	0.01281	0.0127	0.0138	0.01402	0.01235	0.01277	0.01253	0.01249	0.01261	0.01356	0.01303	0.01315	0.01365	0.01273	0.01222	0.0135	0.0136	0.0118	0.01302	0.01331	0.01329	0.01254	0.01367	0.01302	0.01265	0.01396	0.01351	0.01341	0.01376	0.01395	0.0126	0.01316	0.01316	0.01341	0.01086	0.01268	0.01225	0.01221	0.01348	0.0133	0.01306	0.01227	0.01329	0.01338	0.01388	0.0126	0.01274	0.01356	0.01395	0.01355	0.01002	0.01339	0.01287	0.0127	0.01337	0.0145	0.01336	0.01294	0.01349	0.01269	0.01357	0.01101	0.01351	0.01282	0.01349	0.01304	0.01241	0.01319	0.01246	0.0128	0.01332	0.01364	0.01448	0.0135	0.01287	0.01311	0.01353	0.01329	0.0127	0.01265	0.01241	0.01098	0.0127	0.0134	0.01317	0.0	0.01411	0.01379	0.01355	0.01282	0.0135	0.01235	0.01321	0.01246	0.01251	0.01225	0.01358	0.01251	0.01363	0.01273	0.01267	0.01238	0.01273	0.01386	0.01325	0.01188	0.01152	0.01175	0.01294	0.01412	0.01347	0.01397	0.01325	0.0104	0.01062	0.01322	0.0128	0.01307	0.01288	0.01377	0.01421	0.01271	0.01271	0.01232	0.01218	0.01244	0.01431	0.01183	0.01313	0.01203	0.01241	0.01459	0.01206	0.01431	0.01274	0.01327	0.01284	0.01392	0.01336	0.01294	0.01326	0.01282	0.01269	0.01354	0.01356	0.01284	0.01309	0.01324	0.01363	0.0132	0.01323	0.01203	0.01319	0.01396	0.01128	0.01171	0.01312	0.01321	0.01334	0.01106	0.01374	0.0134	0.0125	0.0134	0.01391	0.0127	0.01351	0.0136	0.01284	0.01238	0.01367	0.01369	0.01288	0.0136	0.01086	0.01353	0.01401	0.01289	0.01248	0.01336	0.01265	0.01372	0.01307	0.01057	0.01328	0.01228	0.01392	0.01308	0.01268
newt	0.01328	0.0129	0.01294	0.01198	0.01352	0.01319	0.01244	0.01272	0.01289	0.01307	0.01234	0.01344	0.01301	0.01339	0.01325	0.01233	0.01248	0.01344	0.01225	0.01224	0.01398	0.01271	0.01305	0.01408	0.01353	0.01396	0.01328	0.01259	0.01335	0.0131	0.0137	0.01442	0.01353	0.01265	0.01313	0.01343	0.01283	0.01234	0.01266	0.01214	0.0133	0.01293	0.01335	0.01407	0.01353	0.01338	0.01296	0.01366	0.01178	0.0131	0.0129	0.01282	0.01381	0.0131	0.01356	0.01374	0.01362	0.01278	0.01346	0.01363	0.01316	0.01254	0.01374	0.01338	0.01281	0.01379	0.01268	0.01231	0.01345	0.01314	0.0141	0.0136	0.01312	0.01213	0.01344	0.01373	0.01408	0.01292	0.01118	0.0131	0.01375	0.01278	0.01287	0.01208	0.01273	0.01398	0.01279	0.01214	0.0128	0.01394	0.01282	0.01225	0.01351	0.01377	0.01256	0.01315	0.0126	0.01342	0.013	0.0132	0.01287	0.01425	0.01302	0.0111	0.01279	0.01413	0.01286	0.01256	0.01233	0.01341	0.01273	0.01329	0.01321	0.01332	0.01252	0.01175	0.01304	0.01348	0.01354	0.01296	0.01288	0.01239	0.01323	0.01466	0.01272	0.01336	0.01283	0.0129	0.01262	0.01283	0.01241	0.01296	0.01246	0.01313	0.01408	0.01312	0.01411	0.0	0.0136	0.013	0.01334	0.01312	0.01324	0.01293	0.01342	0.01308	0.01274	0.01301	0.01322	0.01385	0.0125	0.01347	0.01309	0.01321	0.01309	0.0133	0.01339	0.01262	0.01268	0.01311	0.01322	0.01255	0.01292	0.01253	0.01298	0.0139	0.01372	0.01235	0.01238	0.01257	0.01413	0.01327	0.01262	0.01379	0.01211	0.01272	0.01272	0.01361	0.01345	0.01246	0.01291	0.0129	0.01361	0.0129	0.01328	0.01222	0.01184	0.01318	0.01272	0.0125	0.01313	0.01274	0.01286	0.01255	0.01367	0.0128	0.01315	0.01293	0.01252	0.01333	0.01334	0.01223	0.0133	0.01385	0.01232	0.01253	0.0136	0.01274	0.01187	0.01298	0.01342	0.01366	0.01201	0.01255	0.01308	0.01304	0.0141	0.01304	0.01319	0.01208	0.01382	0.01304	0.01349	0.01256	0.01234	0.01369	0.01324	0.01403	0.01325	0.01287	0.01222	0.01287	0.01295	0.01305	0.01318	0.01359	0.01264	0.01325	0.01468	0.01257
nightingale	0.01264	0.01428	0.0135	0.01337	0.01334	0.01248	0.0139	0.01403	0.01372	0.01412	0.01404	0.01419	0.01371	0.01368	0.01266	0.01369	0.01375	0.01217	0.0138	0.01412	0.01217	0.01336	0.01345	0.01384	0.0139	0.01456	0.01306	0.01361	0.01346	0.0138	0.01302	0.01314	0.01431	0.01435	0.01376	0.01421	0.01372	0.01381	0.01361	0.01315	0.01393	0.01363	0.01405	0.01411	0.01426	0.01339	0.01311	0.01417	0.01268	0.01328	0.0135	0.01362	0.01243	0.01058	0.01377	0.01413	0.01372	0.01327	0.01361	0.01364	0.0138	0.01368	0.0114	0.0124	0.01312	0.01387	0.01382	0.0137	0.01318	0.01402	0.01389	0.01377	0.01229	0.01431	0.01332	0.01325	0.01383	0.01321	0.01309	0.01318	0.01235	0.01391	0.01358	0.01427	0.01306	0.01352	0.01338	0.01333	0.01265	0.01373	0.01323	0.01351	0.01255	0.01275	0.01314	0.01381	0.01312	0.01284	0.01362	0.01151	0.01337	0.01352	0.01353	0.01276	0.01249	0.0139	0.01341	0.01397	0.01328	0.01299	0.01322	0.01368	0.01315	0.01281	0.01371	0.01323	0.01348	0.01315	0.01375	0.01286	0.01346	0.01364	0.01398	0.01433	0.01259	0.01206	0.01344	0.01311	0.01389	0.01332	0.01329	0.01384	0.01289	0.01255	0.0134	0.01411	0.01379	0.0136	0.0	0.0129	0.01234	0.01336	0.01359	0.01242	0.01433	0.01306	0.01291	0.01376	0.01359	0.01262	0.01244	0.01161	0.01367	0.013	0.01258	0.01382	0.01455	0.01286	0.01273	0.01323	0.01412	0.01455	0.01351	0.01388	0.01274	0.01393	0.01347	0.01312	0.01383	0.01376	0.01498	0.01384	0.01383	0.01373	0.01324	0.01356	0.01367	0.01379	0.01317	0.01127	0.0127	0.01361	0.01308	0.0132	0.01392	0.01344	0.01399	0.01329	0.01367	0.01393	0.01335	0.01405	0.0131	0.01419	0.01382	0.01465	0.01317	0.01348	0.01419	0.01399	0.01353	0.01326	0.0128	0.01478	0.01345	0.01326	0.01241	0.01463	0.0139	0.01397	0.01342	0.01422	0.01414	0.01273	0.01234	0.01228	0.01209	0.01289	0.01325	0.01308	0.01365	0.01373	0.0131	0.01453	0.01394	0.01332	0.01451	0.01459	0.01349	0.01331	0.01365	0.01402	0.01293	0.01436	0.01324	0.01301	0.01332	0.01152	0.01394	0.01268
nuthatch	0.01257	0.01357	0.01368	0.01211	0.01305	0.01281	0.01222	0.01195	0.01258	0.01386	0.0135	0.01317	0.01331	0.01345	0.01309	0.01178	0.01139	0.01363	0.01346	0.01301	0.0127	0.01297	0.01253	0.01315	0.01275	0.01415	0.01433	0.01335	0.01307	0.01341	0.01403	0.01311	0.0141	0.01177	0.01335	0.01289	0.0122	0.01243	0.01285	0.01314	0.01234	0.01291	0.01295	0.01422	0.01322	0.01279	0.01272	0.01362	0.01223	0.01325	0.01342	0.0135	0.0129	0.01158	0.01388	0.01245	0.01331	0.01324	0.01355	0.01282	0.01365	0.0137	0.0127	0.0127	0.01349	0.01261	0.01352	0.01119	0.01342	0.01386	0.01352	0.01385	0.01125	0.01209	0.01319	0.01391	0.01391	0.01372	0.01195	0.01356	0.01394	0.01203	0.0136	0.01292	0.01333	0.01321	0.01328	0.0126	0.01123	0.01401	0.01305	0.01146	0.01221	0.0123	0.01404	0.01331	0.01301	0.01344	0.01381	0.01204	0.01343	0.01327	0.0132	0.0125	0.01149	0.01445	0.01442	0.01338	0.0112	0.01217	0.01307	0.01391	0.01293	0.01332	0.01382	0.01306	0.01405	0.01264	0.01354	0.0136	0.01281	0.01242	0.01319	0.01481	0.01342	0.01307	0.01216	0.01376	0.01296	0.01304	0.0127	0.01332	0.0134	0.01355	0.01284	0.01412	0.01355	0.013	0.0129	0.0	0.0134	0.01178	0.01225	0.01252	0.01352	0.01324	0.01301	0.01246	0.01336	0.01117	0.01103	0.01314	0.0139	0.013	0.01373	0.01186	0.01315	0.01326	0.01145	0.01372	0.01451	0.013	0.01322	0.01242	0.01344	0.01382	0.01353	0.01174	0.0123	0.01294	0.0142	0.01361	0.01311	0.01341	0.01284	0.01245	0.01369	0.0149	0.01253	0.01211	0.01335	0.01274	0.01419	0.0135	0.01371	0.0132	0.01184	0.01343	0.01349	0.01303	0.01229	0.01263	0.0133	0.01218	0.01429	0.01313	0.0136	0.01326	0.01272	0.01404	0.01348	0.01351	0.01376	0.01452	0.01203	0.01361	0.01281	0.01329	0.01279	0.01385	0.0138	0.01332	0.01358	0.01199	0.01223	0.01185	0.01392	0.01376	0.0133	0.01266	0.01372	0.01364	0.01123	0.01244	0.01152	0.01319	0.01326	0.01338	0.01184	0.01356	0.01226	0.0132	0.01272	0.01295	0.0128	0.01373	0.0122	0.01274	0.0139	0.01351
nymph	0.0124	0.01282	0.01281	0.01179	0.01329	0.01154	0.01281	0.01335	0.01288	0.01347	0.01305	0.01309	0.01321	0.01332	0.01294	0.01246	0.01332	0.01297	0.01285	0.01279	0.01265	0.01297	0.01187	0.01387	0.01303	0.01418	0.01467	0.01339	0.01207	0.01267	0.01412	0.01348	0.01351	0.01371	0.01222	0.01305	0.01296	0.01249	0.01177	0.01292	0.0128	0.01311	0.01247	0.01402	0.01327	0.01305	0.0124	0.01235	0.01179	0.01311	0.01299	0.01333	0.01325	0.01233	0.0139	0.01328	0.01262	0.01342	0.01354	0.01329	0.01325	0.01344	0.01184	0.01218	0.01246	0.01278	0.01326	0.01258	0.01352	0.01394	0.01415	0.01392	0.01222	0.01335	0.01351	0.0131	0.01309	0.01343	0.01211	0.01264	0.01234	0.01343	0.01281	0.01315	0.01374	0.01343	0.01345	0.01158	0.01226	0.01342	0.01225	0.01292	0.01227	0.01294	0.0135	0.0131	0.01294	0.01307	0.01222	0.01335	0.01279	0.01329	0.013	0.01232	0.01236	0.01412	0.01508	0.01249	0.01286	0.01288	0.01316	0.01428	0.01243	0.01247	0.01324	0.0135	0.01365	0.01311	0.01302	0.01233	0.0123	0.01262	0.01322	0.01398	0.01305	0.01253	0.01315	0.01281	0.01322	0.01339	0.0119	0.01269	0.0124	0.01293	0.01221	0.01294	0.01282	0.01334	0.01234	0.0134	0.0	0.01209	0.01253	0.01261	0.01325	0.01264	0.01306	0.01287	0.01248	0.01286	0.01323	0.01243	0.01342	0.01291	0.01345	0.01264	0.01384	0.01238	0.01264	0.01393	0.01349	0.01319	0.01324	0.01313	0.01253	0.01379	0.01301	0.01246	0.01364	0.01287	0.01428	0.01346	0.01287	0.01273	0.01305	0.01285	0.01249	0.01446	0.01264	0.01265	0.01227	0.01261	0.01389	0.01309	0.01402	0.01276	0.01252	0.01347	0.01274	0.01305	0.01299	0.01268	0.01253	0.01321	0.01371	0.01364	0.01284	0.0118	0.01289	0.01391	0.01271	0.01343	0.01278	0.0134	0.01326	0.01313	0.0123	0.01309	0.01289	0.01295	0.01294	0.01296	0.01355	0.01277	0.01253	0.01206	0.01283	0.01358	0.01363	0.01223	0.01348	0.01237	0.01315	0.0131	0.01306	0.0125	0.01353	0.01423	0.01307	0.01299	0.0127	0.01229	0.01353	0.0132	0.01146	0.01381	0.0127	0.0139	0.01366	0.01293
octopus	0.01238	0.01295	0.01291	0.01217	0.01355	0.0109	0.01227	0.01324	0.01326	0.01364	0.01279	0.01316	0.01246	0.01378	0.01255	0.01188	0.01295	0.01349	0.01378	0.01291	0.01298	0.01292	0.01267	0.01325	0.01315	0.01425	0.01531	0.01302	0.0118	0.01281	0.01405	0.01352	0.01348	0.01248	0.01129	0.01261	0.01221	0.01167	0.01265	0.01281	0.01325	0.01289	0.01193	0.01427	0.01334	0.01204	0.01247	0.0121	0.01194	0.01386	0.01296	0.01308	0.0129	0.01193	0.01345	0.01307	0.0133	0.01313	0.01384	0.01243	0.01331	0.01314	0.01316	0.00984	0.01361	0.01282	0.01333	0.01172	0.01315	0.0143	0.01379	0.01404	0.0117	0.01146	0.01325	0.01349	0.01309	0.0141	0.01122	0.0129	0.01417	0.01238	0.01358	0.01244	0.01415	0.01352	0.01216	0.01214	0.01198	0.01364	0.01192	0.01175	0.01292	0.01299	0.01381	0.01235	0.01364	0.01391	0.01249	0.01365	0.01339	0.01359	0.01308	0.01248	0.01209	0.01384	0.01456	0.01362	0.01228	0.01287	0.01278	0.01362	0.01256	0.01259	0.01372	0.01329	0.01328	0.01284	0.01303	0.0126	0.01203	0.01188	0.0129	0.01415	0.01384	0.01318	0.01291	0.01315	0.01297	0.01335	0.01184	0.01212	0.01331	0.01317	0.01059	0.01288	0.0135	0.01312	0.01336	0.01178	0.01209	0.0	0.01245	0.0121	0.0137	0.01296	0.01343	0.01268	0.01233	0.0117	0.01249	0.01258	0.01375	0.0128	0.01339	0.01273	0.0138	0.01297	0.01257	0.01366	0.01342	0.01331	0.01321	0.01246	0.01298	0.01345	0.01323	0.0125	0.01305	0.0129	0.01344	0.01314	0.01272	0.01333	0.0134	0.01263	0.01354	0.01438	0.01217	0.01274	0.01292	0.01206	0.01443	0.01382	0.01412	0.01382	0.01191	0.01283	0.01344	0.01295	0.01302	0.01187	0.01289	0.01264	0.01298	0.01289	0.01331	0.01254	0.01258	0.01366	0.01211	0.01325	0.01317	0.01329	0.01268	0.01356	0.01231	0.01232	0.01221	0.01291	0.01355	0.01301	0.0129	0.01292	0.01276	0.00973	0.01376	0.0143	0.01293	0.01212	0.01403	0.01231	0.01328	0.01201	0.01054	0.01363	0.01278	0.01378	0.01221	0.01347	0.01225	0.01145	0.01314	0.01321	0.01292	0.01332	0.01279	0.01362	0.01393	0.01356
okapi	0.01232	0.01249	0.01173	0.01102	0.01144	0.01244	0.00986	0.01139	0.01275	0.01184	0.01169	0.01199	0.01236	0.01322	0.01235	0.01098	0.01075	0.01307	0.00932	0.01112	0.01333	0.01281	0.01024	0.01314	0.01083	0.0134	0.01346	0.0123	0.01241	0.01097	0.01247	0.01307	0.0137	0.01156	0.0121	0.01189	0.01147	0.01203	0.01149	0.01032	0.0119	0.01254	0.01309	0.01433	0.01292	0.01079	0.00952	0.0135	0.01121	0.01138	0.01396	0.01116	0.01217	0.01268	0.01374	0.01178	0.01172	0.01194	0.01159	0.01096	0.01225	0.01002	0.01304	0.01302	0.01184	0.01137	0.01214	0.01172	0.01211	0.01256	0.01325	0.0134	0.01054	0.01236	0.01253	0.01245	0.01339	0.01302	0.01227	0.01352	0.01378	0.01053	0.01158	0.01248	0.0128	0.01191	0.01111	0.0107	0.0122	0.01395	0.01308	0.00994	0.01234	0.01349	0.01358	0.01249	0.01122	0.01222	0.01236	0.01355	0.01209	0.01148	0.01131	0.0111	0.01181	0.01305	0.01426	0.01133	0.01156	0.01285	0.01189	0.01273	0.00978	0.01223	0.01117	0.0124	0.01259	0.01302	0.01193	0.01237	0.01222	0.01182	0.01299	0.0145	0.013	0.01228	0.01212	0.01285	0.01152	0.01253	0.01073	0.0117	0.01058	0.01081	0.01316	0.01292	0.01235	0.01324	0.01359	0.01225	0.01253	0.01245	0.0	0.01153	0.01259	0.00987	0.0119	0.0116	0.01157	0.01192	0.01232	0.01254	0.01076	0.01297	0.01263	0.0128	0.01214	0.01106	0.01193	0.01333	0.01326	0.01356	0.01026	0.01233	0.01065	0.01246	0.01168	0.01078	0.01199	0.01251	0.01308	0.01255	0.01114	0.0123	0.01138	0.01187	0.01185	0.01414	0.01061	0.01234	0.01112	0.0111	0.01407	0.01182	0.01334	0.01104	0.01287	0.01301	0.01138	0.01148	0.01111	0.01176	0.01195	0.01055	0.01331	0.0133	0.01161	0.01251	0.01279	0.01363	0.01298	0.01155	0.01145	0.01334	0.01205	0.01118	0.011	0.01318	0.01223	0.01167	0.01135	0.012	0.01271	0.0122	0.01316	0.01263	0.01345	0.01415	0.01119	0.011	0.01159	0.01192	0.0125	0.0118	0.0122	0.01094	0.01381	0.01383	0.01129	0.01195	0.01069	0.01232	0.012	0.0114	0.01045	0.01069	0.00919	0.01292	0.0133	0.01226
ostrich	0.01143	0.01254	0.01202	0.0109	0.01229	0.01175	0.01192	0.01238	0.0116	0.01297	0.01229	0.01217	0.01281	0.01221	0.01214	0.01173	0.01235	0.01344	0.01271	0.01152	0.01154	0.01293	0.01201	0.01271	0.0125	0.0136	0.0139	0.01218	0.01283	0.01172	0.01254	0.01316	0.01318	0.01193	0.01236	0.01241	0.01245	0.01266	0.01217	0.01143	0.0117	0.0133	0.01334	0.01366	0.01394	0.01167	0.01161	0.01358	0.0109	0.01217	0.01334	0.01137	0.01142	0.01115	0.01336	0.01189	0.01186	0.01226	0.01258	0.0125	0.01284	0.01188	0.01184	0.01215	0.01072	0.0126	0.01278	0.01234	0.01304	0.01222	0.01258	0.01223	0.01037	0.01269	0.01201	0.01254	0.01304	0.01293	0.01192	0.01338	0.01334	0.01174	0.01139	0.01278	0.01359	0.01258	0.01182	0.01103	0.01212	0.01328	0.01244	0.01152	0.01146	0.01188	0.01308	0.0125	0.01143	0.01245	0.01295	0.01205	0.01191	0.01305	0.01181	0.01145	0.0113	0.01306	0.01334	0.01254	0.01124	0.01119	0.01247	0.01292	0.0113	0.01276	0.01233	0.01217	0.01272	0.01107	0.01233	0.01226	0.01225	0.01264	0.01254	0.01386	0.01201	0.01115	0.01199	0.01333	0.01153	0.01229	0.01131	0.01223	0.01141	0.01127	0.0127	0.01263	0.01321	0.01293	0.01242	0.01252	0.01261	0.0121	0.01153	0.0	0.01175	0.01147	0.01168	0.01142	0.01238	0.01183	0.01117	0.01223	0.0122	0.01154	0.01268	0.01226	0.01225	0.01092	0.01095	0.01313	0.01263	0.01269	0.01229	0.01258	0.01121	0.01234	0.01126	0.01048	0.01181	0.01221	0.01317	0.01258	0.01094	0.01295	0.01226	0.01208	0.01124	0.01321	0.01144	0.01064	0.01102	0.0119	0.01346	0.01188	0.01343	0.01126	0.01281	0.01144	0.01246	0.01212	0.01136	0.01276	0.01193	0.01149	0.013	0.01329	0.01163	0.01252	0.01209	0.01304	0.01371	0.01231	0.01235	0.01347	0.01202	0.01252	0.01145	0.01289	0.01268	0.0124	0.01259	0.01301	0.01298	0.01147	0.01187	0.01259	0.01253	0.01314	0.01192	0.01161	0.01257	0.01293	0.01247	0.01213	0.01219	0.01219	0.01302	0.01409	0.01222	0.0124	0.01084	0.01245	0.01163	0.01258	0.01163	0.01159	0.01087	0.01216	0.0133	0.01143
otter	0.01311	0.01416	0.01411	0.01177	0.0118	0.01368	0.01172	0.01323	0.0106	0.01145	0.01306	0.01375	0.01421	0.00933	0.01335	0.01296	0.01324	0.0139	0.01342	0.01186	0.01309	0.01376	0.01291	0.01345	0.0129	0.01095	0.01362	0.01413	0.01374	0.01344	0.01212	0.01382	0.01197	0.0107	0.01331	0.01261	0.01296	0.01335	0.01244	0.01335	0.00919	0.01421	0.01337	0.01343	0.01424	0.01347	0.01266	0.01375	0.01311	0.01389	0.01356	0.01213	0.01183	0.01403	0.01404	0.00931	0.01211	0.01304	0.01317	0.01318	0.01431	0.01337	0.01341	0.01409	0.01176	0.01299	0.01361	0.01367	0.01381	0.01018	0.01333	0.01347	0.01329	0.01327	0.01273	0.01359	0.01421	0.01281	0.01287	0.01377	0.01491	0.01191	0.01345	0.01314	0.01353	0.01177	0.01279	0.01226	0.01179	0.01274	0.01344	0.01267	0.01196	0.01278	0.01407	0.01368	0.0127	0.01242	0.01354	0.01377	0.01349	0.01284	0.01319	0.01313	0.01292	0.01401	0.01357	0.01314	0.01147	0.01336	0.01291	0.01376	0.01232	0.01442	0.0136	0.0132	0.01289	0.01092	0.01348	0.0138	0.01309	0.01346	0.01239	0.01477	0.01223	0.01237	0.01163	0.01368	0.01279	0.01162	0.01268	0.01292	0.01248	0.01297	0.01395	0.01431	0.01246	0.01342	0.01433	0.01352	0.01325	0.0137	0.01259	0.01175	0.0	0.01343	0.01297	0.01303	0.0137	0.0137	0.01343	0.01351	0.01316	0.01209	0.0143	0.01302	0.01011	0.01206	0.01225	0.01147	0.01401	0.01192	0.01351	0.01313	0.01239	0.01257	0.01122	0.01186	0.01087	0.01322	0.01376	0.01408	0.01056	0.01271	0.01345	0.01118	0.0111	0.01445	0.01227	0.01314	0.01264	0.01279	0.01449	0.01282	0.01357	0.01283	0.01342	0.01204	0.01383	0.0131	0.01289	0.01426	0.01307	0.01293	0.01327	0.01279	0.0131	0.01347	0.01266	0.01355	0.01432	0.01262	0.01306	0.01384	0.01397	0.0131	0.01265	0.01381	0.01275	0.01307	0.01374	0.01339	0.01336	0.0129	0.01336	0.0138	0.01212	0.01362	0.01342	0.01338	0.01313	0.01404	0.01411	0.0126	0.01338	0.01177	0.01265	0.01385	0.01309	0.01307	0.01253	0.0132	0.01308	0.01338	0.0113	0.01337	0.01239	0.0137	0.01372	0.01139
owl	0.01229	0.01183	0.01084	0.01068	0.01228	0.01197	0.01138	0.01181	0.01285	0.01196	0.01126	0.01155	0.01138	0.01304	0.01181	0.01096	0.01239	0.01247	0.01117	0.01089	0.01229	0.01345	0.01055	0.0121	0.01323	0.01365	0.01367	0.01207	0.01314	0.01068	0.01231	0.01229	0.01321	0.01225	0.01252	0.01282	0.01258	0.01303	0.01204	0.01096	0.01227	0.01243	0.01382	0.01418	0.01346	0.01113	0.01112	0.01346	0.01074	0.0119	0.01352	0.01134	0.01169	0.01189	0.01334	0.01308	0.01135	0.01097	0.01182	0.01197	0.0115	0.00981	0.01295	0.01192	0.01153	0.01263	0.01191	0.01247	0.01206	0.01261	0.01342	0.01301	0.01006	0.01312	0.01169	0.0114	0.01286	0.01176	0.01231	0.0139	0.01288	0.01161	0.01025	0.01233	0.01276	0.01252	0.0115	0.01016	0.01242	0.01305	0.01149	0.01081	0.01155	0.01323	0.01339	0.01249	0.01111	0.01231	0.01231	0.01342	0.0114	0.01209	0.01184	0.01086	0.01185	0.01255	0.01289	0.01196	0.01267	0.01316	0.01275	0.01254	0.00968	0.01185	0.01067	0.01252	0.01154	0.01264	0.01126	0.01083	0.01088	0.012	0.01355	0.01433	0.01318	0.01125	0.01289	0.01299	0.01119	0.01253	0.0113	0.01032	0.00969	0.0111	0.01345	0.0116	0.01251	0.01308	0.01306	0.01324	0.01264	0.01296	0.00987	0.01147	0.01343	0.0	0.0107	0.01121	0.01066	0.01256	0.01191	0.01188	0.01196	0.01242	0.01153	0.01368	0.01321	0.00998	0.01195	0.01344	0.01206	0.01402	0.01127	0.01372	0.0096	0.0118	0.01181	0.00997	0.01266	0.01104	0.01254	0.01184	0.01192	0.01254	0.0101	0.01164	0.01112	0.0131	0.0115	0.01171	0.00949	0.0121	0.01313	0.01122	0.01349	0.00953	0.01381	0.01213	0.0111	0.01218	0.01147	0.01262	0.01093	0.01147	0.01327	0.01349	0.01116	0.01224	0.01248	0.01277	0.01277	0.01116	0.0111	0.01352	0.0118	0.01127	0.01071	0.01248	0.01258	0.01259	0.01058	0.01249	0.01302	0.01214	0.01223	0.01335	0.01269	0.01359	0.01001	0.01071	0.01102	0.01154	0.01264	0.01262	0.01275	0.01121	0.01383	0.01495	0.01115	0.01179	0.01128	0.0121	0.01168	0.01266	0.01055	0.01047	0.01124	0.01318	0.01303	0.01222
oyster	0.01158	0.01208	0.0119	0.01071	0.01179	0.01195	0.01228	0.01306	0.01221	0.01234	0.01183	0.0113	0.01165	0.01199	0.01233	0.01229	0.0124	0.01349	0.01262	0.01119	0.01226	0.01374	0.01139	0.01325	0.01354	0.01302	0.01339	0.01224	0.013	0.01227	0.01269	0.01316	0.01228	0.01259	0.0125	0.01278	0.01332	0.01296	0.01261	0.01091	0.01211	0.01323	0.01396	0.01319	0.01313	0.01251	0.01189	0.01318	0.01085	0.01195	0.01315	0.01205	0.01223	0.01143	0.01333	0.01268	0.0121	0.00998	0.01176	0.01305	0.01269	0.01165	0.01193	0.0126	0.01216	0.01306	0.01255	0.01313	0.01254	0.01202	0.01307	0.01277	0.01099	0.0135	0.01145	0.0128	0.01343	0.01236	0.01267	0.01327	0.01354	0.01269	0.01148	0.01209	0.01377	0.01193	0.01214	0.01157	0.0111	0.01274	0.0124	0.01205	0.0099	0.01206	0.01282	0.01247	0.01107	0.0123	0.01223	0.01278	0.01195	0.01211	0.0129	0.01116	0.0117	0.0132	0.01319	0.01286	0.01229	0.01315	0.01276	0.01242	0.01133	0.01183	0.01214	0.01313	0.01197	0.0119	0.01275	0.01151	0.0117	0.01283	0.01358	0.01428	0.01042	0.01225	0.01264	0.01349	0.01246	0.01256	0.01198	0.01175	0.01	0.01097	0.01349	0.01214	0.01225	0.01274	0.01291	0.01301	0.01306	0.01343	0.0119	0.01168	0.01297	0.0107	0.0	0.01262	0.01221	0.01292	0.01165	0.01184	0.01201	0.01132	0.01225	0.0129	0.01286	0.01012	0.01087	0.01306	0.01232	0.01275	0.01282	0.01319	0.01073	0.01203	0.0125	0.0109	0.01275	0.01139	0.01346	0.01297	0.01219	0.01275	0.01133	0.01219	0.01136	0.01375	0.01062	0.01163	0.0108	0.01247	0.01302	0.01186	0.01424	0.01114	0.01312	0.01173	0.0127	0.0122	0.01154	0.01215	0.0119	0.01247	0.01305	0.01271	0.01125	0.01284	0.01207	0.01297	0.0132	0.01159	0.01131	0.01336	0.01261	0.01102	0.01205	0.01197	0.0127	0.01294	0.01168	0.01342	0.01349	0.01101	0.0127	0.01343	0.01171	0.01344	0.01157	0.01175	0.01202	0.0126	0.01283	0.01278	0.01326	0.01175	0.01267	0.01403	0.01136	0.01197	0.01206	0.01226	0.01209	0.0127	0.01106	0.01147	0.01202	0.01232	0.01253	0.01186
panda	0.0124	0.01209	0.01135	0.01062	0.01303	0.01218	0.01199	0.01195	0.0127	0.01275	0.01091	0.01223	0.01246	0.01363	0.01292	0.01006	0.01229	0.01346	0.01249	0.01056	0.0127	0.01263	0.01069	0.01199	0.0125	0.01408	0.01443	0.01282	0.01328	0.01133	0.01402	0.01271	0.01377	0.01197	0.01281	0.01136	0.01212	0.01144	0.01226	0.01168	0.0126	0.01198	0.01325	0.0139	0.0126	0.01078	0.01152	0.01301	0.01111	0.01305	0.0131	0.01186	0.01344	0.01273	0.01195	0.01275	0.01265	0.01244	0.0127	0.01224	0.01256	0.01194	0.01262	0.01248	0.01256	0.01311	0.01265	0.0118	0.0136	0.01327	0.01373	0.01299	0.01066	0.0125	0.01124	0.01271	0.01327	0.01257	0.01145	0.01284	0.01411	0.01131	0.01222	0.01184	0.01365	0.01292	0.01172	0.01106	0.01241	0.0128	0.01275	0.01163	0.01231	0.01337	0.01375	0.01177	0.01219	0.01329	0.01178	0.01346	0.01204	0.01348	0.01154	0.0111	0.01279	0.0131	0.0133	0.01232	0.01229	0.01215	0.01141	0.01246	0.01178	0.01286	0.01236	0.01314	0.01216	0.01254	0.01182	0.0121	0.01136	0.01199	0.01282	0.01414	0.01298	0.0123	0.01228	0.0136	0.01135	0.0123	0.01103	0.01219	0.01212	0.01211	0.01312	0.01208	0.01358	0.01301	0.01376	0.01246	0.01287	0.01268	0.0116	0.01142	0.01303	0.01121	0.01262	0.0	0.01171	0.01195	0.0121	0.01288	0.01192	0.01219	0.01277	0.01284	0.0129	0.01171	0.01199	0.01403	0.01167	0.0131	0.01155	0.0122	0.01119	0.01305	0.01281	0.01145	0.01231	0.01154	0.01285	0.01269	0.01181	0.0127	0.01209	0.01126	0.01167	0.01374	0.01182	0.0121	0.01172	0.01219	0.01421	0.01298	0.01349	0.01201	0.01286	0.01248	0.01259	0.01144	0.01221	0.01219	0.01086	0.01187	0.01344	0.01357	0.0126	0.01184	0.01119	0.01264	0.01363	0.01186	0.01225	0.01339	0.01078	0.01203	0.01216	0.01224	0.01217	0.01198	0.01271	0.0125	0.01333	0.01275	0.01261	0.01265	0.01375	0.01371	0.01189	0.01094	0.01206	0.01193	0.0136	0.01019	0.01128	0.01277	0.01309	0.01408	0.01167	0.01212	0.01082	0.01193	0.01285	0.0124	0.01214	0.01182	0.01157	0.01306	0.01371	0.01316
panther	0.01232	0.01188	0.01109	0.01196	0.01312	0.01069	0.01201	0.01338	0.01259	0.01243	0.01071	0.01208	0.01227	0.01348	0.01223	0.01063	0.01282	0.01362	0.01306	0.01134	0.01252	0.01324	0.01078	0.01266	0.01327	0.01369	0.0144	0.01106	0.01037	0.01085	0.01339	0.01274	0.01366	0.0127	0.01223	0.01268	0.01182	0.01257	0.01245	0.01168	0.01306	0.01249	0.01349	0.01345	0.01203	0.00911	0.01209	0.01305	0.01159	0.01201	0.01349	0.0122	0.01261	0.01267	0.01108	0.01276	0.01263	0.01257	0.01295	0.0126	0.01032	0.01168	0.01276	0.01162	0.01185	0.01226	0.01242	0.01211	0.01323	0.01326	0.01401	0.01167	0.01223	0.01227	0.0122	0.01277	0.01285	0.01257	0.01177	0.01352	0.013	0.01269	0.01241	0.01208	0.01392	0.01317	0.01172	0.00976	0.0132	0.01387	0.01154	0.01166	0.01307	0.01292	0.01363	0.01076	0.01198	0.01338	0.01158	0.01376	0.01169	0.01253	0.01243	0.01156	0.01205	0.01137	0.01335	0.01129	0.01276	0.01224	0.01207	0.01325	0.01166	0.01247	0.01235	0.0132	0.01035	0.01142	0.01089	0.01255	0.01101	0.01102	0.012	0.01331	0.01364	0.01066	0.01345	0.01338	0.01173	0.01336	0.01183	0.01057	0.01192	0.01244	0.01265	0.01131	0.01251	0.01322	0.01359	0.01336	0.01248	0.01233	0.01157	0.01238	0.0137	0.01066	0.01221	0.01171	0.0	0.01332	0.01334	0.01281	0.01245	0.01267	0.01278	0.01306	0.01236	0.01225	0.01301	0.01359	0.01057	0.01407	0.01295	0.0126	0.01144	0.01293	0.01265	0.01197	0.01329	0.01146	0.01166	0.01237	0.01241	0.01205	0.01222	0.01105	0.01131	0.01338	0.01264	0.01157	0.01133	0.01097	0.01334	0.01251	0.01373	0.01123	0.01273	0.01041	0.0107	0.01249	0.01043	0.01231	0.01181	0.01161	0.01259	0.01335	0.01226	0.01232	0.01168	0.01118	0.01216	0.01212	0.01271	0.0132	0.01196	0.01282	0.01126	0.01239	0.01054	0.01238	0.01286	0.01282	0.01149	0.01269	0.01227	0.01259	0.01263	0.01308	0.01196	0.01079	0.01255	0.01144	0.01306	0.01099	0.01148	0.01276	0.01326	0.01418	0.01221	0.01254	0.01175	0.01103	0.01264	0.01235	0.01249	0.01279	0.01145	0.01326	0.01266	0.01268
parakeet	0.01193	0.01283	0.01305	0.01147	0.01338	0.01265	0.01247	0.01186	0.01313	0.01402	0.01317	0.01272	0.01309	0.01409	0.01286	0.01219	0.0121	0.01353	0.01269	0.01309	0.01279	0.01306	0.0124	0.01286	0.01287	0.01398	0.01467	0.01339	0.0131	0.01245	0.01383	0.01333	0.01359	0.01287	0.01383	0.01182	0.01287	0.012	0.01278	0.01267	0.01288	0.01281	0.0132	0.01367	0.01318	0.01245	0.01233	0.0128	0.01233	0.01323	0.01335	0.01304	0.01285	0.01197	0.01371	0.01239	0.0136	0.01339	0.01339	0.01257	0.01356	0.01331	0.01224	0.01297	0.01388	0.01245	0.01363	0.01119	0.01268	0.01422	0.01332	0.01395	0.00904	0.01246	0.01284	0.01377	0.01413	0.01412	0.01206	0.0136	0.01373	0.01152	0.01344	0.01293	0.01318	0.01297	0.01272	0.01225	0.01088	0.0132	0.0132	0.01152	0.01234	0.01203	0.01415	0.01275	0.01381	0.01399	0.013	0.01241	0.01375	0.01331	0.01278	0.0127	0.01232	0.01396	0.01484	0.01313	0.01218	0.01241	0.01311	0.01275	0.01272	0.01358	0.01307	0.01353	0.01336	0.01271	0.01337	0.01239	0.01248	0.01272	0.01336	0.01448	0.01274	0.01283	0.01304	0.01421	0.01275	0.01305	0.01184	0.0135	0.0132	0.01307	0.0135	0.01364	0.01363	0.01385	0.01262	0.01117	0.01286	0.0117	0.01192	0.01183	0.0137	0.01256	0.01292	0.01195	0.01332	0.0	0.01104	0.01268	0.01344	0.0128	0.0134	0.01249	0.01315	0.0131	0.01168	0.01403	0.01438	0.01319	0.01317	0.01244	0.01287	0.01351	0.01305	0.01182	0.01249	0.01294	0.01363	0.01315	0.01323	0.01353	0.01311	0.01254	0.01336	0.01444	0.01162	0.01226	0.0128	0.01272	0.01431	0.01326	0.01325	0.01313	0.01281	0.01333	0.01369	0.01242	0.01237	0.01217	0.01228	0.0123	0.01334	0.01316	0.01342	0.01303	0.01272	0.01436	0.01342	0.01338	0.01251	0.01363	0.01235	0.01277	0.01284	0.01287	0.01308	0.01277	0.01344	0.01339	0.01385	0.01254	0.01277	0.01201	0.01376	0.01397	0.0132	0.01243	0.01235	0.01311	0.01233	0.01178	0.01126	0.0132	0.0134	0.01426	0.01154	0.01297	0.01227	0.01334	0.01358	0.01271	0.01282	0.01288	0.01289	0.01221	0.01452	0.01346
parrot	0.01171	0.01304	0.01275	0.01185	0.01253	0.01272	0.01215	0.01224	0.01255	0.01293	0.01295	0.01272	0.01284	0.01295	0.01284	0.01226	0.01173	0.01325	0.0129	0.01252	0.01233	0.01305	0.01287	0.0134	0.01312	0.01405	0.01374	0.01272	0.01329	0.01329	0.01294	0.013	0.01339	0.01204	0.01315	0.01272	0.0132	0.01262	0.01235	0.01269	0.01255	0.01288	0.01288	0.01401	0.01412	0.01258	0.01244	0.01351	0.01139	0.01287	0.01293	0.01298	0.01235	0.01131	0.01332	0.01303	0.01281	0.01238	0.01303	0.01248	0.01351	0.01287	0.01236	0.01338	0.01299	0.01272	0.01276	0.01224	0.01309	0.01367	0.0131	0.01323	0.01028	0.01307	0.01232	0.01289	0.01411	0.01304	0.01211	0.01363	0.01325	0.01181	0.01233	0.01298	0.01324	0.01302	0.01339	0.01251	0.01163	0.01377	0.01299	0.01183	0.012	0.01225	0.01293	0.01315	0.01225	0.01294	0.01326	0.01239	0.0125	0.01291	0.01213	0.01163	0.0121	0.01401	0.01361	0.01297	0.01188	0.01234	0.01251	0.01312	0.01211	0.01297	0.01263	0.01236	0.01282	0.01256	0.01323	0.01264	0.01252	0.01288	0.01371	0.01473	0.01273	0.01302	0.01259	0.0137	0.01226	0.01278	0.01189	0.01326	0.01213	0.01261	0.01307	0.01334	0.01273	0.0125	0.01244	0.01103	0.01323	0.01249	0.01232	0.01117	0.01343	0.01191	0.01165	0.0121	0.01334	0.01104	0.0	0.01309	0.01342	0.0125	0.01311	0.01171	0.01324	0.01154	0.01096	0.01349	0.01378	0.01307	0.01308	0.01285	0.01189	0.01296	0.0126	0.01072	0.01233	0.01276	0.01369	0.01343	0.01239	0.0131	0.01217	0.0124	0.01227	0.01401	0.01159	0.01147	0.01224	0.01298	0.01405	0.01249	0.01354	0.01258	0.0125	0.01255	0.01349	0.01274	0.01166	0.01258	0.01266	0.01221	0.01337	0.01306	0.01204	0.01275	0.01264	0.01389	0.01381	0.01219	0.01277	0.01349	0.01209	0.01212	0.01235	0.01294	0.01331	0.01306	0.01258	0.01292	0.01345	0.01131	0.01273	0.01286	0.01306	0.01382	0.01253	0.01248	0.01267	0.01368	0.01172	0.0123	0.0124	0.01292	0.01316	0.01372	0.01134	0.01283	0.0119	0.01256	0.01196	0.01304	0.01247	0.01232	0.0122	0.01217	0.01411	0.0126
peacock	0.01248	0.01346	0.01322	0.01232	0.01347	0.01171	0.01267	0.0132	0.01257	0.01328	0.01296	0.01313	0.01268	0.01277	0.01246	0.0122	0.01335	0.01262	0.01356	0.01244	0.01176	0.0137	0.0117	0.01333	0.01346	0.01328	0.01245	0.01373	0.01329	0.01204	0.01283	0.01318	0.01282	0.01378	0.01312	0.01347	0.01339	0.01273	0.01352	0.01223	0.01281	0.01349	0.01464	0.01458	0.01408	0.01318	0.01233	0.01334	0.01203	0.01342	0.01317	0.01326	0.01204	0.01155	0.01303	0.01285	0.01284	0.01251	0.01241	0.01254	0.01355	0.01312	0.01168	0.01172	0.0126	0.01295	0.01321	0.01273	0.013	0.0131	0.01302	0.01263	0.01126	0.01362	0.01234	0.01323	0.0134	0.01199	0.01264	0.01335	0.01321	0.01325	0.01324	0.01291	0.01269	0.01334	0.01281	0.01178	0.01163	0.01346	0.01253	0.01316	0.0117	0.01292	0.01298	0.01308	0.01311	0.0124	0.01312	0.01181	0.01325	0.01236	0.01269	0.01276	0.01269	0.01234	0.01271	0.01355	0.01313	0.01281	0.01291	0.0121	0.0115	0.01314	0.01354	0.01325	0.01273	0.01197	0.01308	0.01231	0.01298	0.01336	0.01364	0.01435	0.01094	0.01207	0.01344	0.0131	0.01304	0.01304	0.01247	0.01193	0.01207	0.01233	0.01314	0.01397	0.01267	0.01347	0.01161	0.01314	0.01243	0.01258	0.01254	0.01223	0.01351	0.01188	0.01184	0.01288	0.01281	0.01268	0.01309	0.0	0.01333	0.01232	0.01227	0.01296	0.0138	0.01233	0.01213	0.01235	0.01337	0.01331	0.01303	0.01343	0.01266	0.01296	0.0129	0.01253	0.01404	0.01281	0.0133	0.013	0.01349	0.01338	0.01307	0.01268	0.01304	0.01314	0.01139	0.01189	0.01212	0.01262	0.01317	0.01196	0.01407	0.01331	0.01326	0.01243	0.01318	0.01308	0.01229	0.01315	0.01176	0.01271	0.01348	0.01348	0.01254	0.01369	0.01297	0.01364	0.01304	0.01328	0.01222	0.01426	0.01272	0.01283	0.01148	0.01346	0.01356	0.01362	0.01292	0.01381	0.01376	0.01228	0.01195	0.01195	0.01096	0.01313	0.01227	0.01299	0.01316	0.01315	0.01354	0.01348	0.01317	0.0124	0.01362	0.015	0.01242	0.01265	0.01292	0.01333	0.0136	0.0131	0.01222	0.01248	0.01281	0.01178	0.01353	0.01223
pekingese	0.0125	0.0133	0.0129	0.01208	0.0117	0.01266	0.01218	0.01248	0.01266	0.01228	0.01148	0.01272	0.01286	0.0127	0.01315	0.01217	0.01245	0.01334	0.01116	0.0117	0.01336	0.01361	0.0108	0.01365	0.012	0.01364	0.01375	0.01254	0.01293	0.01258	0.01256	0.01405	0.01371	0.01217	0.01236	0.01273	0.01257	0.01227	0.012	0.01039	0.01261	0.01307	0.01358	0.01481	0.01305	0.01239	0.0116	0.01393	0.01219	0.01221	0.01351	0.01118	0.01262	0.01331	0.01335	0.01261	0.012	0.01241	0.01045	0.01224	0.01283	0.01128	0.01307	0.01381	0.01148	0.0116	0.0125	0.01294	0.01215	0.01279	0.01168	0.01237	0.01196	0.01316	0.01268	0.01327	0.01334	0.01261	0.01299	0.01374	0.01408	0.0116	0.01226	0.01272	0.01375	0.01159	0.0114	0.01196	0.01295	0.01364	0.01324	0.01154	0.01227	0.01339	0.01354	0.01233	0.01088	0.01285	0.01287	0.01386	0.01202	0.01186	0.01237	0.01205	0.01211	0.01209	0.014	0.01239	0.01137	0.01283	0.01163	0.01143	0.01192	0.0133	0.0117	0.0124	0.01302	0.01298	0.01216	0.01292	0.01354	0.01267	0.01277	0.01426	0.0125	0.0121	0.01201	0.01248	0.01197	0.01186	0.01189	0.01175	0.0116	0.00956	0.01378	0.01324	0.01238	0.01309	0.01367	0.0139	0.01342	0.01375	0.01076	0.0122	0.01316	0.01196	0.01201	0.01192	0.01245	0.01344	0.01342	0.01333	0.0	0.01284	0.01292	0.01346	0.01222	0.01095	0.01229	0.01401	0.01222	0.01346	0.01201	0.01283	0.01035	0.01208	0.01266	0.01174	0.01235	0.01325	0.01253	0.01257	0.01148	0.0121	0.0115	0.0124	0.01103	0.0138	0.01178	0.01301	0.01145	0.01174	0.01399	0.01221	0.01347	0.01145	0.01379	0.01239	0.01228	0.01206	0.01254	0.01255	0.0123	0.01185	0.01373	0.01408	0.01216	0.01311	0.01328	0.01282	0.01372	0.012	0.01132	0.01373	0.01267	0.011	0.01232	0.01377	0.01291	0.01198	0.01213	0.01237	0.01292	0.01287	0.01327	0.01378	0.0128	0.01335	0.0121	0.01182	0.01187	0.0132	0.01334	0.01217	0.01287	0.01218	0.01388	0.01411	0.01224	0.01237	0.01199	0.01235	0.01235	0.01249	0.01171	0.00999	0.01098	0.01282	0.01336	0.0114
pelican	0.0113	0.01281	0.01232	0.01132	0.01311	0.01166	0.01266	0.01327	0.01159	0.01251	0.01202	0.01344	0.01286	0.01211	0.01355	0.01238	0.01291	0.01335	0.01362	0.01139	0.01188	0.01354	0.01165	0.01244	0.01318	0.01295	0.01388	0.01331	0.013	0.01255	0.01355	0.01286	0.01257	0.01202	0.013	0.01283	0.01334	0.01259	0.01264	0.01184	0.01205	0.0132	0.01428	0.01318	0.01346	0.01309	0.0119	0.01262	0.0124	0.01407	0.01302	0.01208	0.01212	0.01251	0.01247	0.01206	0.01243	0.01271	0.01194	0.01314	0.01366	0.01332	0.01202	0.0127	0.01261	0.01265	0.01357	0.01238	0.0134	0.01263	0.01266	0.01276	0.01157	0.01358	0.01079	0.01322	0.0134	0.01297	0.01264	0.01352	0.01344	0.01226	0.01329	0.01284	0.01339	0.01318	0.0119	0.01242	0.01201	0.01193	0.01265	0.01298	0.01168	0.01115	0.01346	0.01239	0.01281	0.01309	0.01239	0.01241	0.01307	0.01307	0.01331	0.01277	0.01218	0.01346	0.01389	0.01343	0.01295	0.01158	0.01135	0.01243	0.01216	0.01349	0.01335	0.01303	0.01242	0.01111	0.0136	0.01268	0.0128	0.01302	0.01281	0.01465	0.01145	0.01175	0.01266	0.01349	0.01278	0.01312	0.01267	0.01251	0.01253	0.0119	0.0136	0.01333	0.01273	0.01321	0.013	0.013	0.01291	0.0128	0.01297	0.01154	0.01209	0.01242	0.01132	0.01219	0.01267	0.0128	0.0125	0.01232	0.01284	0.0	0.01118	0.01302	0.01239	0.01226	0.01173	0.01312	0.01257	0.01307	0.01291	0.01227	0.01252	0.01286	0.01182	0.01189	0.01222	0.01206	0.0134	0.01357	0.01191	0.01298	0.01312	0.01175	0.01241	0.0141	0.01211	0.01168	0.01258	0.01298	0.01404	0.01286	0.01425	0.01279	0.01258	0.01212	0.01347	0.01228	0.01218	0.01259	0.01125	0.01246	0.01277	0.01338	0.01217	0.01352	0.01234	0.01317	0.01346	0.01305	0.01255	0.01328	0.01307	0.01256	0.01237	0.013	0.01305	0.01257	0.01332	0.01349	0.01325	0.01131	0.01193	0.01309	0.01127	0.01314	0.01315	0.01243	0.01325	0.01302	0.0135	0.01184	0.01273	0.01298	0.01257	0.01406	0.01168	0.01184	0.01242	0.01312	0.01285	0.0128	0.01251	0.01209	0.01272	0.0128	0.01347	0.0118
penguin	0.01227	0.01322	0.01209	0.01252	0.01333	0.01221	0.01322	0.01385	0.01292	0.01268	0.01289	0.01345	0.01289	0.01322	0.01327	0.01288	0.01329	0.01328	0.01341	0.01311	0.01269	0.01387	0.01225	0.01354	0.01379	0.01398	0.01398	0.01302	0.01378	0.01244	0.01421	0.0131	0.01354	0.01373	0.0132	0.01377	0.01351	0.01364	0.0133	0.01226	0.01379	0.01356	0.0145	0.014	0.01351	0.0133	0.01241	0.01366	0.01225	0.01328	0.0134	0.01207	0.01283	0.01293	0.01292	0.01414	0.01282	0.01288	0.01297	0.0132	0.01289	0.01253	0.01288	0.01259	0.01248	0.0137	0.01327	0.01303	0.01345	0.0134	0.0138	0.01349	0.01208	0.01368	0.01176	0.01334	0.01355	0.01305	0.01259	0.01377	0.01313	0.01351	0.01281	0.01371	0.01323	0.0139	0.0119	0.01303	0.01323	0.01339	0.01345	0.01237	0.01201	0.01354	0.01317	0.01303	0.01306	0.01304	0.01267	0.01286	0.01276	0.01377	0.01332	0.01249	0.01216	0.01376	0.01316	0.01281	0.01352	0.01278	0.01249	0.01223	0.01218	0.01291	0.01331	0.01281	0.01322	0.01332	0.01303	0.01256	0.01283	0.01321	0.0135	0.01474	0.01303	0.01201	0.01305	0.01339	0.01311	0.01386	0.01298	0.01291	0.01243	0.01199	0.01404	0.01335	0.01386	0.01309	0.01258	0.01373	0.01345	0.01339	0.01263	0.01268	0.0143	0.01153	0.01225	0.01277	0.01278	0.0134	0.01311	0.01227	0.01292	0.01118	0.0	0.01399	0.01346	0.0123	0.01317	0.01366	0.01277	0.01387	0.01267	0.01362	0.01233	0.01265	0.0128	0.01288	0.01356	0.01238	0.01377	0.0133	0.01318	0.01388	0.01284	0.0138	0.01287	0.01367	0.01273	0.01223	0.01198	0.01309	0.0124	0.01291	0.0142	0.01281	0.01408	0.0133	0.01291	0.01267	0.01267	0.01323	0.01218	0.01307	0.01395	0.01435	0.01226	0.01326	0.0136	0.01396	0.01323	0.01311	0.01297	0.01386	0.01267	0.01322	0.0125	0.0141	0.01371	0.01315	0.01296	0.0136	0.01357	0.01294	0.01256	0.01324	0.0128	0.01304	0.01203	0.01241	0.01342	0.01284	0.01332	0.01401	0.01382	0.01317	0.01383	0.01459	0.01278	0.01248	0.0128	0.01337	0.01305	0.01342	0.01337	0.01191	0.01264	0.01286	0.01459	0.01256
perch	0.01198	0.01208	0.01246	0.01228	0.01303	0.01241	0.01303	0.01285	0.01249	0.01396	0.01218	0.01312	0.01202	0.01285	0.01292	0.01261	0.01295	0.01345	0.0133	0.01222	0.01313	0.01318	0.01172	0.014	0.01313	0.01417	0.0148	0.01287	0.01267	0.01324	0.01374	0.01371	0.01134	0.01248	0.01322	0.01245	0.01271	0.01106	0.01168	0.01258	0.01202	0.01225	0.01204	0.01254	0.01331	0.01287	0.01301	0.01201	0.01204	0.01347	0.01106	0.01301	0.01307	0.01253	0.01308	0.01293	0.01316	0.01294	0.01285	0.01357	0.01353	0.01364	0.0129	0.01299	0.01387	0.01292	0.01326	0.01179	0.01424	0.01331	0.01336	0.01367	0.01189	0.01262	0.01314	0.01284	0.0123	0.01394	0.01257	0.0117	0.01399	0.01275	0.01358	0.01068	0.01354	0.01241	0.01312	0.01221	0.01202	0.01273	0.01293	0.01295	0.01279	0.01217	0.01297	0.01221	0.01257	0.01315	0.01224	0.01341	0.01348	0.01315	0.01324	0.01243	0.01236	0.01379	0.01441	0.01376	0.01175	0.01298	0.01238	0.0131	0.01296	0.0135	0.01375	0.01314	0.0143	0.0126	0.01306	0.01251	0.01161	0.01231	0.01335	0.01423	0.01341	0.01345	0.01289	0.01322	0.01345	0.01311	0.01283	0.01347	0.01304	0.01316	0.01332	0.01341	0.01325	0.0133	0.01382	0.01186	0.01264	0.01273	0.0128	0.01226	0.01302	0.01368	0.0129	0.01284	0.01306	0.01249	0.01171	0.01296	0.01346	0.01302	0.01399	0.0	0.01309	0.01265	0.01207	0.01217	0.01339	0.0106	0.01352	0.01182	0.01333	0.01437	0.01268	0.01219	0.01285	0.01181	0.01394	0.01343	0.01259	0.01358	0.01351	0.01232	0.0131	0.01456	0.01207	0.01269	0.01345	0.01314	0.01451	0.01292	0.01395	0.01324	0.01092	0.01296	0.01351	0.01217	0.01238	0.01146	0.01274	0.01309	0.0138	0.01072	0.01254	0.01296	0.01105	0.01399	0.01335	0.01349	0.01397	0.01372	0.01293	0.01356	0.01321	0.01115	0.0125	0.01268	0.01363	0.01251	0.01364	0.01241	0.01215	0.01249	0.01309	0.01379	0.01388	0.01249	0.01374	0.01226	0.01315	0.01251	0.01236	0.01306	0.01123	0.01392	0.01292	0.01233	0.01289	0.01238	0.01316	0.01209	0.01304	0.01323	0.01244	0.01363	0.01372	0.01323
pheasant	0.01318	0.01311	0.01312	0.01253	0.01104	0.0135	0.0108	0.0128	0.01212	0.01051	0.01286	0.01318	0.01383	0.01161	0.01352	0.01303	0.01321	0.01451	0.01245	0.01197	0.01361	0.01359	0.01197	0.01375	0.01178	0.01084	0.01371	0.01286	0.01306	0.01308	0.01233	0.01399	0.01259	0.00982	0.01337	0.01213	0.01273	0.01322	0.01243	0.01263	0.01015	0.01388	0.01332	0.01308	0.01328	0.01309	0.01198	0.01402	0.01322	0.01339	0.01298	0.0114	0.01292	0.01402	0.01339	0.01024	0.01235	0.01292	0.01316	0.01233	0.01332	0.01242	0.01379	0.01448	0.01194	0.01206	0.01316	0.01359	0.01345	0.01104	0.01287	0.01332	0.0132	0.01296	0.013	0.01364	0.01408	0.013	0.01251	0.01421	0.01393	0.01098	0.01373	0.01282	0.01309	0.0112	0.01206	0.01222	0.01172	0.01367	0.01312	0.01173	0.01291	0.01299	0.01397	0.01359	0.01248	0.01312	0.01373	0.01364	0.01341	0.01224	0.01236	0.01271	0.01268	0.01297	0.01416	0.01202	0.01135	0.01236	0.01238	0.01342	0.01217	0.01463	0.01296	0.01267	0.01261	0.01175	0.01321	0.01374	0.01352	0.01266	0.0114	0.01451	0.01304	0.01265	0.01167	0.01407	0.01257	0.01182	0.01258	0.01188	0.01224	0.01269	0.01438	0.01365	0.01188	0.01339	0.01455	0.01315	0.01384	0.0138	0.01214	0.01225	0.01011	0.01321	0.01286	0.0129	0.01236	0.01315	0.01324	0.0138	0.01222	0.01239	0.01346	0.01309	0.0	0.0126	0.01277	0.01315	0.0133	0.01193	0.01283	0.0127	0.01262	0.01282	0.01202	0.01194	0.01181	0.01303	0.01295	0.01347	0.01054	0.01293	0.01305	0.01203	0.01159	0.01446	0.01206	0.01308	0.01325	0.01159	0.01433	0.01323	0.01338	0.01273	0.01337	0.01212	0.01274	0.0123	0.01213	0.01357	0.01308	0.01211	0.01314	0.01248	0.01228	0.01383	0.01294	0.01312	0.01309	0.01261	0.01374	0.01415	0.01345	0.01316	0.01215	0.01346	0.01255	0.01233	0.01296	0.01306	0.01282	0.013	0.01381	0.01389	0.01349	0.01391	0.01295	0.01276	0.01211	0.01401	0.01364	0.01201	0.01278	0.01218	0.01274	0.01357	0.01319	0.01229	0.01251	0.01244	0.01274	0.01236	0.01157	0.01314	0.01083	0.0133	0.01291	0.01122
pig	0.01203	0.01257	0.01171	0.01097	0.01107	0.01216	0.01162	0.0128	0.01181	0.01197	0.0116	0.01249	0.01239	0.01168	0.01184	0.0118	0.01206	0.01273	0.01198	0.01115	0.01246	0.01327	0.01086	0.0131	0.01333	0.01369	0.01314	0.01204	0.01273	0.01145	0.01161	0.0129	0.01276	0.01163	0.01169	0.01293	0.01295	0.01292	0.01141	0.01143	0.01134	0.01301	0.01279	0.0143	0.01336	0.01157	0.01097	0.0132	0.01043	0.01189	0.01276	0.01118	0.01146	0.01179	0.01333	0.01239	0.01102	0.0105	0.01136	0.01232	0.01215	0.01106	0.01238	0.01215	0.01031	0.01235	0.01188	0.01299	0.01187	0.01183	0.01316	0.01259	0.01109	0.01331	0.01203	0.01143	0.01294	0.01201	0.01212	0.01295	0.01314	0.01188	0.00939	0.01219	0.01343	0.01101	0.0114	0.01082	0.01187	0.01294	0.01173	0.01132	0.01067	0.01298	0.01261	0.01289	0.00987	0.01081	0.01206	0.01317	0.01098	0.01214	0.012	0.01041	0.01134	0.01274	0.01302	0.01258	0.01096	0.01284	0.01231	0.01266	0.01035	0.01061	0.01018	0.01212	0.01212	0.01241	0.01167	0.01088	0.01177	0.0123	0.01281	0.01424	0.01227	0.01181	0.01229	0.0122	0.01205	0.0105	0.01049	0.01134	0.00933	0.01082	0.0127	0.01184	0.01152	0.01262	0.01286	0.01326	0.01238	0.01297	0.01106	0.01092	0.01206	0.00998	0.01012	0.01171	0.01225	0.0131	0.01154	0.01233	0.01095	0.01226	0.0123	0.01265	0.0126	0.0	0.01117	0.01314	0.012	0.01283	0.01218	0.01321	0.00952	0.01111	0.01194	0.01019	0.01175	0.01149	0.01308	0.01274	0.01102	0.01191	0.01025	0.01128	0.00982	0.01352	0.01115	0.01194	0.00847	0.01197	0.01299	0.01095	0.01318	0.00994	0.0135	0.01216	0.0118	0.01209	0.01211	0.01244	0.01215	0.01176	0.01312	0.01282	0.01155	0.01212	0.01228	0.01294	0.01275	0.01093	0.01035	0.01319	0.01246	0.01025	0.01123	0.01231	0.01256	0.01233	0.01073	0.01246	0.01274	0.01187	0.01215	0.01304	0.01208	0.01315	0.0112	0.0107	0.01116	0.01228	0.01255	0.01299	0.01287	0.01053	0.01304	0.01426	0.01185	0.01165	0.01206	0.01125	0.01155	0.0129	0.01008	0.01057	0.01131	0.01267	0.0131	0.01071
pigeon	0.01128	0.0134	0.01294	0.01067	0.01247	0.01238	0.01211	0.01242	0.0119	0.01264	0.01283	0.0125	0.01241	0.01218	0.01251	0.01169	0.01286	0.01336	0.01243	0.01204	0.01181	0.01289	0.01164	0.0134	0.01308	0.01267	0.0133	0.01283	0.01327	0.01267	0.01232	0.01259	0.01309	0.01293	0.01316	0.013	0.01339	0.01306	0.012	0.0124	0.01206	0.01302	0.01322	0.01401	0.0136	0.01256	0.01234	0.01284	0.01115	0.01236	0.0133	0.01274	0.01187	0.01118	0.01381	0.01232	0.01285	0.01115	0.0121	0.0126	0.01351	0.01237	0.01075	0.01253	0.01242	0.01274	0.01338	0.01256	0.01269	0.01302	0.01229	0.013	0.0107	0.01307	0.01184	0.01264	0.01326	0.01305	0.01217	0.01302	0.01331	0.01286	0.01227	0.01265	0.01335	0.01233	0.01244	0.0117	0.01061	0.01189	0.01241	0.01248	0.01069	0.01195	0.01332	0.01325	0.01211	0.01257	0.01331	0.01219	0.01293	0.01227	0.01327	0.01173	0.01157	0.01395	0.01383	0.01321	0.01173	0.01231	0.01255	0.01264	0.01125	0.01261	0.01249	0.01288	0.01288	0.01104	0.01277	0.01205	0.01218	0.01296	0.01323	0.01462	0.01154	0.01204	0.01231	0.01276	0.01314	0.01214	0.01174	0.01248	0.01108	0.01193	0.0131	0.01294	0.01175	0.01268	0.01273	0.01145	0.01264	0.01257	0.01193	0.01095	0.01225	0.01195	0.01087	0.01199	0.01301	0.01168	0.01096	0.01213	0.01229	0.01173	0.01317	0.01207	0.01277	0.01117	0.0	0.01244	0.01338	0.0131	0.0127	0.01301	0.01133	0.01192	0.01228	0.0112	0.01235	0.01189	0.01341	0.0135	0.01214	0.01267	0.01221	0.0118	0.01198	0.01391	0.01154	0.01136	0.01174	0.0126	0.0139	0.01172	0.01364	0.01149	0.01247	0.01204	0.01338	0.01282	0.01216	0.01276	0.01174	0.01219	0.01323	0.01271	0.01229	0.01226	0.01247	0.01336	0.01284	0.01259	0.01246	0.01305	0.01236	0.01205	0.01222	0.0127	0.01321	0.0131	0.01239	0.0126	0.01323	0.01105	0.0117	0.01276	0.01218	0.01337	0.01304	0.01214	0.01262	0.01327	0.01217	0.01254	0.01296	0.01181	0.01362	0.01372	0.01185	0.01221	0.01285	0.01254	0.01241	0.01309	0.01125	0.01262	0.01248	0.01218	0.01351	0.01169
pike	0.01319	0.0137	0.01365	0.01269	0.014	0.01343	0.01366	0.01345	0.01246	0.01295	0.01332	0.01353	0.01345	0.01153	0.0132	0.01356	0.01399	0.0133	0.01373	0.01265	0.01263	0.01386	0.01337	0.01404	0.01428	0.01238	0.01211	0.01327	0.01382	0.01371	0.01273	0.01413	0.01227	0.01329	0.01363	0.01393	0.01342	0.0133	0.0135	0.01315	0.0128	0.01403	0.01413	0.01359	0.01395	0.0134	0.01379	0.0135	0.01304	0.01355	0.01284	0.01377	0.01202	0.01374	0.01385	0.01282	0.01348	0.01324	0.0138	0.01423	0.01381	0.01342	0.01309	0.01342	0.01314	0.01387	0.01358	0.01345	0.01436	0.01282	0.01399	0.01345	0.0137	0.01305	0.01325	0.01337	0.01403	0.01275	0.01268	0.0133	0.01407	0.0139	0.01424	0.01247	0.01221	0.01362	0.01377	0.01252	0.01299	0.01306	0.01361	0.01395	0.01279	0.01299	0.01225	0.0134	0.01357	0.01259	0.01389	0.01255	0.01381	0.01357	0.01392	0.01296	0.01266	0.01425	0.01324	0.0139	0.01318	0.01348	0.01387	0.01376	0.01306	0.01394	0.01408	0.01333	0.01329	0.01225	0.01394	0.01348	0.0126	0.01328	0.01352	0.01438	0.01271	0.01267	0.01328	0.0138	0.01365	0.01346	0.014	0.01343	0.01334	0.013	0.01429	0.01407	0.01294	0.01311	0.01323	0.01372	0.01393	0.01366	0.01333	0.01313	0.01147	0.01344	0.01306	0.01403	0.01359	0.01403	0.01349	0.01235	0.01401	0.01312	0.01366	0.01217	0.01315	0.01314	0.01244	0.0	0.01421	0.01217	0.01398	0.01325	0.0131	0.01307	0.0132	0.01267	0.01293	0.01281	0.01474	0.01416	0.013	0.01298	0.01436	0.01192	0.01273	0.01352	0.01381	0.01287	0.01362	0.01411	0.0138	0.01347	0.01402	0.01396	0.01316	0.0124	0.01386	0.01351	0.01324	0.01413	0.01301	0.01421	0.01386	0.01277	0.01355	0.0138	0.01281	0.01343	0.01437	0.01339	0.01357	0.01381	0.01416	0.0135	0.0135	0.01376	0.01228	0.01397	0.01398	0.01414	0.01199	0.01353	0.01305	0.01365	0.01231	0.01264	0.01408	0.01392	0.01425	0.01395	0.01423	0.01366	0.01374	0.0135	0.01302	0.01464	0.01352	0.01299	0.01371	0.01366	0.0134	0.01374	0.01314	0.01426	0.01319	0.0123	0.01429	0.01173
piranha	0.01208	0.0114	0.01132	0.01261	0.01323	0.01123	0.01311	0.01377	0.01289	0.01267	0.01097	0.01343	0.01215	0.01342	0.01296	0.01229	0.01319	0.01372	0.01351	0.01152	0.01319	0.01333	0.01071	0.01326	0.01292	0.01385	0.01462	0.01259	0.01253	0.01201	0.01367	0.01353	0.01319	0.01328	0.01273	0.01332	0.01261	0.01224	0.01302	0.01194	0.01354	0.01222	0.01387	0.01343	0.01297	0.01115	0.01258	0.013	0.0122	0.01334	0.01272	0.01226	0.01385	0.01337	0.01131	0.01363	0.01325	0.01256	0.01321	0.01276	0.0118	0.01187	0.01366	0.01264	0.01245	0.0128	0.01197	0.01258	0.01417	0.01291	0.01377	0.01214	0.01279	0.01312	0.01171	0.01294	0.01298	0.0129	0.01235	0.01303	0.01331	0.01297	0.01212	0.01173	0.01453	0.01395	0.01171	0.01188	0.01382	0.01355	0.01228	0.01286	0.01318	0.01323	0.01267	0.01105	0.01205	0.01354	0.01143	0.01419	0.01228	0.0142	0.01282	0.01226	0.01287	0.01153	0.01339	0.01225	0.01293	0.01296	0.01233	0.01336	0.01321	0.01283	0.01237	0.01347	0.01132	0.01309	0.01233	0.01191	0.01264	0.0119	0.01274	0.0139	0.01298	0.01247	0.0141	0.01361	0.01136	0.01306	0.01282	0.01169	0.01233	0.01214	0.01375	0.01142	0.01412	0.01322	0.01412	0.01451	0.01349	0.01342	0.01326	0.01263	0.01401	0.01206	0.01232	0.01167	0.01057	0.01438	0.01378	0.01337	0.01222	0.01257	0.01277	0.01339	0.0133	0.012	0.01338	0.01421	0.0	0.01335	0.01259	0.01261	0.01246	0.01346	0.01298	0.01264	0.01379	0.01165	0.0119	0.01224	0.01248	0.01292	0.01242	0.01273	0.01206	0.01368	0.01351	0.01268	0.01197	0.01222	0.01396	0.01316	0.01312	0.012	0.01266	0.01246	0.01096	0.01208	0.01246	0.01187	0.01133	0.01222	0.01376	0.01332	0.01218	0.01302	0.01205	0.01186	0.01305	0.01247	0.01296	0.0134	0.01302	0.01249	0.01281	0.01202	0.01181	0.01227	0.01289	0.01311	0.01257	0.01283	0.0131	0.0134	0.01326	0.01319	0.01153	0.01146	0.01261	0.01205	0.01351	0.01166	0.01244	0.01328	0.0127	0.01438	0.01233	0.01219	0.01239	0.01245	0.01298	0.01289	0.01329	0.0124	0.01214	0.01367	0.01345	0.01279
plaice	0.01338	0.01199	0.01297	0.01208	0.01249	0.01286	0.01323	0.0129	0.01106	0.01254	0.01255	0.01318	0.01198	0.01168	0.01331	0.01341	0.01316	0.01371	0.01312	0.01229	0.01313	0.01366	0.01258	0.01387	0.01332	0.0131	0.01426	0.01369	0.01369	0.01349	0.0135	0.01424	0.00885	0.01135	0.01379	0.01287	0.01297	0.01219	0.01263	0.0127	0.01156	0.01245	0.01303	0.01191	0.01307	0.0137	0.01337	0.01234	0.01241	0.01373	0.01157	0.01227	0.01338	0.01359	0.01375	0.0126	0.01296	0.01269	0.01364	0.01357	0.01403	0.01359	0.01364	0.01335	0.01321	0.01343	0.01286	0.01277	0.01403	0.01193	0.01379	0.01405	0.0132	0.01307	0.01273	0.01314	0.01337	0.01361	0.01194	0.01325	0.01429	0.01284	0.01369	0.01039	0.01305	0.01194	0.01315	0.01256	0.01209	0.01219	0.0138	0.01288	0.01272	0.01234	0.01291	0.01272	0.01309	0.01341	0.0129	0.01376	0.01388	0.01381	0.01341	0.01242	0.01343	0.01388	0.01347	0.01365	0.01219	0.01353	0.01264	0.01345	0.01359	0.01387	0.01333	0.0127	0.01376	0.01309	0.01402	0.01202	0.01212	0.01312	0.01322	0.01431	0.01283	0.01367	0.01214	0.01305	0.01334	0.01182	0.01342	0.01334	0.01315	0.01332	0.01349	0.01323	0.01347	0.01255	0.01455	0.013	0.01319	0.01331	0.01356	0.01269	0.01192	0.01402	0.01275	0.0131	0.01407	0.01319	0.01307	0.01331	0.01346	0.01307	0.01387	0.0106	0.01193	0.01283	0.0131	0.01217	0.01335	0.0	0.01311	0.01246	0.01315	0.01353	0.01342	0.01233	0.01239	0.01171	0.01411	0.01346	0.01194	0.01378	0.0133	0.0126	0.01265	0.01407	0.01318	0.01352	0.01346	0.01304	0.01447	0.01372	0.0128	0.01315	0.01135	0.01317	0.0137	0.01202	0.01348	0.01237	0.01297	0.01322	0.01376	0.00983	0.01251	0.01277	0.01165	0.01401	0.01348	0.01295	0.01359	0.01405	0.01378	0.01318	0.01386	0.01118	0.0129	0.01282	0.01426	0.0142	0.01357	0.01324	0.01366	0.01343	0.01342	0.01362	0.01371	0.01327	0.01382	0.01282	0.01379	0.01266	0.01303	0.01301	0.01049	0.01364	0.01359	0.01243	0.0129	0.01309	0.01307	0.01307	0.01275	0.01334	0.01243	0.01366	0.01356	0.01243
platypus	0.01249	0.01235	0.01223	0.01224	0.01253	0.01214	0.01147	0.01185	0.0132	0.01211	0.01245	0.01347	0.01281	0.01374	0.01236	0.01249	0.0127	0.01372	0.00966	0.01188	0.01269	0.01335	0.01185	0.01247	0.01046	0.01396	0.01452	0.01225	0.01288	0.01106	0.01329	0.01348	0.01328	0.01218	0.01311	0.01239	0.01181	0.01286	0.01263	0.0112	0.01334	0.01203	0.01366	0.01399	0.01317	0.01173	0.0102	0.01361	0.01252	0.01303	0.01314	0.01118	0.01284	0.01252	0.01328	0.01334	0.01318	0.01273	0.01333	0.01222	0.0128	0.01075	0.01286	0.01251	0.01245	0.01209	0.01279	0.01326	0.0133	0.01331	0.01367	0.01391	0.01211	0.01343	0.01187	0.01246	0.01306	0.01357	0.0134	0.01282	0.01372	0.01155	0.0122	0.01263	0.01336	0.01335	0.01099	0.01266	0.01357	0.01358	0.01296	0.01134	0.01308	0.01326	0.01394	0.01253	0.01166	0.01321	0.01227	0.0138	0.01295	0.01278	0.01225	0.0124	0.01265	0.01322	0.01313	0.01189	0.01188	0.01275	0.01235	0.01259	0.01127	0.01217	0.01204	0.01296	0.01321	0.01369	0.01241	0.01223	0.01289	0.01235	0.01298	0.0144	0.01278	0.01284	0.01274	0.01321	0.0117	0.01268	0.0117	0.01216	0.01218	0.01204	0.01403	0.01355	0.01397	0.01292	0.01351	0.01322	0.01324	0.01321	0.01026	0.01229	0.01351	0.01127	0.01282	0.01155	0.01295	0.01317	0.01308	0.01303	0.01201	0.01291	0.01267	0.01352	0.01283	0.01218	0.0127	0.01398	0.01259	0.01311	0.0	0.01211	0.01224	0.01333	0.01246	0.01187	0.01257	0.01268	0.01337	0.01228	0.01144	0.01308	0.01243	0.01307	0.01227	0.01415	0.01184	0.01255	0.01189	0.01232	0.01392	0.01313	0.01294	0.01198	0.01323	0.01308	0.01224	0.01134	0.01249	0.01215	0.0116	0.01171	0.01384	0.01353	0.01241	0.01342	0.01323	0.01294	0.01274	0.0121	0.0129	0.01397	0.01263	0.01266	0.01267	0.01291	0.01292	0.01154	0.01277	0.01254	0.01332	0.01298	0.01307	0.01304	0.01346	0.01374	0.01154	0.012	0.0122	0.01218	0.01326	0.01222	0.01345	0.01268	0.01385	0.0137	0.01191	0.01196	0.01225	0.0133	0.01202	0.01244	0.01248	0.01108	0.01103	0.01359	0.01328	0.01326
polar_bear	0.01099	0.01047	0.01195	0.01231	0.01189	0.01236	0.01157	0.01197	0.01178	0.01274	0.0107	0.01299	0.01194	0.01396	0.01348	0.01224	0.01187	0.01395	0.01184	0.012	0.01337	0.01306	0.01186	0.01309	0.01217	0.01408	0.01464	0.01343	0.01241	0.01325	0.01398	0.01364	0.01175	0.01208	0.01348	0.00981	0.01122	0.01014	0.01172	0.01178	0.01251	0.01179	0.01316	0.0118	0.01241	0.01243	0.01188	0.01119	0.01277	0.01319	0.01067	0.0112	0.01401	0.01363	0.01262	0.01258	0.01366	0.01359	0.01302	0.01274	0.01342	0.01318	0.01315	0.01302	0.01302	0.01224	0.01324	0.01037	0.01308	0.01338	0.01346	0.01366	0.01243	0.01179	0.0127	0.0132	0.01306	0.01395	0.01237	0.01289	0.01391	0.01146	0.01298	0.01156	0.01332	0.01263	0.01222	0.01254	0.01268	0.01289	0.01356	0.01201	0.01324	0.01178	0.01237	0.01116	0.01317	0.0136	0.01175	0.01358	0.01331	0.01301	0.01269	0.01294	0.01206	0.01379	0.01465	0.01239	0.01147	0.01282	0.01036	0.01342	0.01258	0.01366	0.01243	0.01218	0.01366	0.01342	0.01377	0.01242	0.01162	0.01207	0.01251	0.0145	0.01237	0.01342	0.01229	0.01373	0.01258	0.01299	0.01245	0.01304	0.01284	0.0132	0.01363	0.01321	0.01325	0.01253	0.01388	0.01242	0.01313	0.01246	0.01233	0.01258	0.01313	0.01372	0.01319	0.0122	0.0126	0.01244	0.01285	0.01343	0.01283	0.01227	0.01362	0.01182	0.0127	0.01321	0.01301	0.01325	0.01261	0.01246	0.01211	0.0	0.0131	0.01395	0.01343	0.01282	0.01265	0.01143	0.01364	0.01362	0.01209	0.01296	0.01315	0.01225	0.01369	0.0143	0.01241	0.01278	0.01313	0.01179	0.01441	0.01381	0.01277	0.01264	0.01048	0.01333	0.01292	0.00786	0.01241	0.01011	0.01001	0.01252	0.01277	0.01266	0.01145	0.01287	0.01165	0.01377	0.01291	0.01345	0.01339	0.01303	0.01282	0.01271	0.01321	0.01115	0.0128	0.00902	0.0137	0.0133	0.01353	0.01269	0.01308	0.01219	0.01354	0.01399	0.01335	0.01226	0.01334	0.01164	0.01351	0.01064	0.01173	0.01326	0.00973	0.01393	0.01269	0.00894	0.01148	0.01323	0.01325	0.00802	0.01288	0.01323	0.0119	0.01377	0.01324	0.01347
polecat	0.01226	0.01233	0.01192	0.01141	0.01091	0.01198	0.01183	0.01242	0.01233	0.01225	0.01112	0.01226	0.01216	0.01264	0.0124	0.01127	0.01241	0.01252	0.01152	0.01077	0.01244	0.01337	0.01084	0.01282	0.01323	0.01343	0.01305	0.01217	0.01283	0.01189	0.0116	0.01291	0.01324	0.01172	0.01207	0.01305	0.01291	0.01277	0.01125	0.01098	0.01185	0.01299	0.0136	0.014	0.01301	0.01099	0.01082	0.01334	0.01148	0.01232	0.01335	0.01073	0.01158	0.01235	0.0136	0.01271	0.01109	0.01057	0.01191	0.01225	0.01255	0.01068	0.01261	0.01285	0.01092	0.01248	0.01273	0.01294	0.00997	0.01198	0.01367	0.0131	0.01054	0.01358	0.01216	0.01103	0.01292	0.01188	0.01265	0.01344	0.01323	0.01184	0.01093	0.01198	0.01344	0.01079	0.01159	0.01082	0.01203	0.01327	0.0126	0.01115	0.01124	0.01317	0.01229	0.01249	0.01039	0.01205	0.01218	0.01326	0.01174	0.01137	0.01172	0.01146	0.01161	0.01297	0.0131	0.01256	0.01193	0.01309	0.01254	0.01217	0.01034	0.01195	0.01085	0.01236	0.01218	0.01267	0.01163	0.01034	0.01147	0.0127	0.01301	0.01441	0.01279	0.01174	0.01206	0.01197	0.01172	0.01178	0.01143	0.01136	0.00904	0.01116	0.01317	0.01188	0.0104	0.01298	0.01274	0.01344	0.01253	0.01298	0.01065	0.01121	0.01239	0.0096	0.01073	0.01119	0.01144	0.01287	0.01189	0.01266	0.01035	0.01252	0.01233	0.01333	0.01262	0.00952	0.01133	0.0131	0.01246	0.01315	0.01224	0.0131	0.0	0.01101	0.01262	0.01066	0.01205	0.01128	0.01297	0.01295	0.01083	0.01189	0.0105	0.01187	0.01063	0.01332	0.01131	0.01209	0.00782	0.01191	0.01342	0.0108	0.01383	0.01053	0.01355	0.01162	0.01243	0.01216	0.01171	0.01269	0.01153	0.01167	0.01343	0.01361	0.01125	0.01229	0.01258	0.01308	0.01319	0.01086	0.00908	0.01368	0.01272	0.00873	0.01113	0.0126	0.01245	0.01208	0.01087	0.01296	0.01317	0.01199	0.0126	0.01354	0.01277	0.01316	0.01146	0.01095	0.01099	0.01246	0.01324	0.01234	0.01314	0.00996	0.01324	0.01422	0.01185	0.01173	0.01152	0.01217	0.01198	0.01245	0.00979	0.011	0.01039	0.01279	0.01278	0.01158
pony	0.01327	0.01355	0.01348	0.01214	0.01177	0.01274	0.01275	0.01343	0.01222	0.01246	0.01303	0.01344	0.01367	0.01227	0.0128	0.0133	0.01301	0.01297	0.0135	0.01249	0.0136	0.01455	0.01281	0.01331	0.01371	0.01343	0.01325	0.01258	0.01405	0.01272	0.01174	0.0137	0.01394	0.01292	0.01267	0.01402	0.014	0.01364	0.01347	0.01266	0.01221	0.01396	0.01451	0.01421	0.0141	0.01327	0.01218	0.01392	0.01237	0.01321	0.01415	0.01201	0.01284	0.01318	0.01334	0.01217	0.01246	0.01226	0.01199	0.01357	0.01383	0.01288	0.01325	0.01301	0.01205	0.01223	0.01351	0.01443	0.01196	0.01271	0.01285	0.01329	0.01294	0.01414	0.0123	0.01253	0.01351	0.01248	0.01303	0.01415	0.01366	0.01289	0.0118	0.01315	0.01458	0.01211	0.0124	0.0126	0.01274	0.01355	0.01312	0.01241	0.01211	0.01353	0.0137	0.01357	0.01256	0.01264	0.01321	0.01396	0.01268	0.01207	0.01375	0.01245	0.0129	0.0133	0.01373	0.01363	0.01275	0.01337	0.01268	0.01249	0.01175	0.01298	0.01221	0.01353	0.01244	0.01275	0.01356	0.01203	0.01348	0.01387	0.0132	0.01465	0.01314	0.01258	0.01275	0.01317	0.01303	0.0124	0.01294	0.01255	0.0115	0.01229	0.01344	0.01268	0.01062	0.0139	0.01393	0.01382	0.01379	0.01345	0.01246	0.01234	0.01257	0.0118	0.01203	0.01305	0.01293	0.01351	0.01296	0.01296	0.01208	0.01286	0.01265	0.01437	0.01282	0.01111	0.01192	0.01307	0.01346	0.01353	0.01333	0.01395	0.01101	0.0	0.01275	0.01191	0.01305	0.01298	0.01323	0.01396	0.01237	0.01261	0.01169	0.01229	0.0118	0.01377	0.0124	0.01309	0.01138	0.01305	0.01384	0.01256	0.01404	0.0126	0.01422	0.01301	0.01362	0.01314	0.01335	0.01392	0.01223	0.01257	0.01396	0.01413	0.01269	0.01317	0.0133	0.0127	0.01399	0.01254	0.01127	0.01347	0.01383	0.01134	0.01223	0.01365	0.01388	0.01338	0.01143	0.01401	0.01341	0.01299	0.01332	0.01385	0.01292	0.01327	0.0115	0.01321	0.01171	0.01287	0.01379	0.01358	0.01405	0.01185	0.01396	0.01414	0.01258	0.01259	0.01291	0.0132	0.01247	0.01382	0.01121	0.0122	0.01246	0.01403	0.01355	0.0127
poodle	0.01233	0.01286	0.0125	0.01186	0.0123	0.0129	0.01157	0.01325	0.01173	0.0121	0.01315	0.01327	0.01295	0.01165	0.01365	0.01186	0.0125	0.01371	0.01305	0.01203	0.01275	0.0135	0.01239	0.0124	0.01271	0.013	0.01391	0.01316	0.01343	0.01156	0.01284	0.01332	0.01295	0.01188	0.01302	0.0127	0.01207	0.01276	0.01273	0.01196	0.012	0.01346	0.01351	0.01345	0.01303	0.01231	0.01224	0.01309	0.01133	0.01255	0.01335	0.01173	0.01213	0.01334	0.01331	0.01155	0.01228	0.01306	0.01237	0.01258	0.01291	0.01281	0.013	0.01356	0.01238	0.0124	0.01286	0.01216	0.01337	0.01159	0.01339	0.01365	0.01186	0.01308	0.01268	0.01309	0.01368	0.01305	0.01252	0.01328	0.01372	0.01135	0.01276	0.01311	0.01318	0.01276	0.01222	0.01151	0.01226	0.0134	0.01301	0.01183	0.01229	0.01346	0.01312	0.01237	0.01159	0.01269	0.01236	0.01325	0.01241	0.01286	0.01249	0.01145	0.01239	0.01361	0.01366	0.01281	0.01164	0.01296	0.01233	0.0131	0.01185	0.01346	0.0127	0.01287	0.01299	0.01246	0.0129	0.01335	0.01257	0.01255	0.01244	0.01447	0.01274	0.01218	0.0121	0.01343	0.01217	0.01227	0.01169	0.01221	0.01253	0.01223	0.01356	0.01345	0.01322	0.01372	0.01347	0.01353	0.01301	0.01323	0.01168	0.01126	0.01122	0.01181	0.0125	0.01281	0.01265	0.01305	0.0126	0.0129	0.01266	0.01182	0.0128	0.01268	0.01202	0.01194	0.01228	0.0132	0.01298	0.01342	0.01246	0.01343	0.01262	0.01275	0.0	0.01046	0.01212	0.01242	0.01369	0.01285	0.01079	0.01212	0.01317	0.01131	0.01161	0.01404	0.01225	0.01163	0.01254	0.01209	0.01421	0.01268	0.01368	0.0119	0.01319	0.01252	0.01269	0.01295	0.01204	0.0126	0.01266	0.01233	0.01347	0.01304	0.01201	0.01346	0.01229	0.0133	0.01357	0.01178	0.01286	0.01336	0.0121	0.0132	0.01229	0.01341	0.01236	0.01289	0.01333	0.01289	0.01294	0.01346	0.01198	0.01288	0.01252	0.01302	0.01227	0.01233	0.01285	0.01269	0.0136	0.01234	0.01217	0.01299	0.01298	0.01404	0.01261	0.01272	0.01242	0.01291	0.01216	0.01295	0.01184	0.01228	0.01167	0.01285	0.01389	0.01193
porcupine	0.01204	0.01194	0.01223	0.01054	0.01181	0.0115	0.01154	0.0109	0.01122	0.01216	0.0119	0.01172	0.01219	0.01126	0.01199	0.01098	0.01101	0.01294	0.01135	0.0109	0.01204	0.01321	0.01164	0.01239	0.01282	0.01357	0.01379	0.01178	0.01219	0.01135	0.01283	0.01335	0.01272	0.01064	0.0127	0.01246	0.01222	0.01281	0.0119	0.01154	0.01088	0.01294	0.01283	0.01365	0.0127	0.01159	0.01173	0.01329	0.01028	0.01126	0.0132	0.01102	0.01217	0.01153	0.0134	0.01132	0.01173	0.01132	0.01088	0.01181	0.01226	0.01088	0.01237	0.01273	0.0113	0.01161	0.01251	0.01153	0.01211	0.01182	0.01286	0.01253	0.01001	0.01199	0.01194	0.01213	0.01292	0.01159	0.01133	0.01342	0.01338	0.01079	0.01078	0.01182	0.01261	0.0123	0.01174	0.01064	0.01118	0.01328	0.0116	0.01007	0.01132	0.01209	0.01292	0.01286	0.01082	0.01207	0.01247	0.01278	0.01124	0.01242	0.01056	0.01031	0.01111	0.01315	0.0134	0.01245	0.01079	0.01169	0.01178	0.01285	0.01084	0.01224	0.01106	0.01132	0.01199	0.01153	0.01195	0.01205	0.01188	0.01184	0.01242	0.01449	0.0125	0.0116	0.01147	0.01242	0.01069	0.01153	0.01101	0.0112	0.01084	0.01053	0.01304	0.01287	0.0128	0.01235	0.01312	0.01174	0.01246	0.0125	0.01078	0.01048	0.01186	0.00997	0.0109	0.01145	0.01197	0.01182	0.01072	0.01253	0.01174	0.01189	0.01288	0.01219	0.01194	0.01019	0.0112	0.01267	0.01264	0.01233	0.01187	0.01282	0.01066	0.01191	0.01046	0.0	0.01094	0.01143	0.01279	0.01244	0.01087	0.0122	0.01059	0.01112	0.01071	0.01398	0.01154	0.01107	0.0106	0.01167	0.01361	0.01189	0.01325	0.00968	0.01262	0.01131	0.0119	0.01191	0.01121	0.01253	0.01166	0.01093	0.01301	0.01294	0.01146	0.01271	0.01202	0.0129	0.01342	0.01089	0.01152	0.0139	0.01128	0.01113	0.01121	0.01252	0.01182	0.0123	0.01218	0.01194	0.01228	0.01186	0.01223	0.01251	0.01297	0.01329	0.0111	0.0107	0.01221	0.01263	0.01218	0.01204	0.01138	0.01227	0.01274	0.01371	0.01118	0.01223	0.01059	0.01121	0.01078	0.01284	0.01133	0.01085	0.01074	0.0123	0.01325	0.01103
prairie_dog	0.01281	0.01362	0.01365	0.01205	0.01214	0.01305	0.0121	0.01191	0.01176	0.01193	0.01317	0.01281	0.01329	0.0114	0.01258	0.01223	0.01174	0.01341	0.01202	0.01225	0.01282	0.01297	0.01264	0.01362	0.01274	0.01253	0.01342	0.01266	0.01273	0.01315	0.01253	0.01332	0.01264	0.01122	0.01291	0.0123	0.0116	0.01264	0.01189	0.01182	0.01113	0.01324	0.01248	0.01368	0.01366	0.01242	0.0126	0.01367	0.01221	0.01285	0.01352	0.01183	0.01178	0.01258	0.01418	0.01121	0.01279	0.01295	0.01265	0.01272	0.01346	0.01246	0.01355	0.0137	0.01247	0.01324	0.01261	0.01245	0.01329	0.01211	0.01327	0.01347	0.01233	0.01258	0.01302	0.01277	0.01388	0.01302	0.01191	0.01294	0.01386	0.01146	0.01212	0.0127	0.01321	0.01176	0.01245	0.01218	0.01194	0.01294	0.01281	0.01135	0.01216	0.01264	0.01336	0.01327	0.01221	0.01279	0.0131	0.013	0.01275	0.01281	0.01249	0.0117	0.01235	0.01439	0.01387	0.01292	0.0109	0.01295	0.01236	0.0138	0.01237	0.01338	0.0125	0.01263	0.01317	0.01196	0.01261	0.01311	0.01247	0.01192	0.01318	0.01426	0.01288	0.01323	0.01153	0.01331	0.01208	0.01243	0.01235	0.01346	0.01231	0.01162	0.01377	0.01303	0.01307	0.01238	0.01383	0.0123	0.01364	0.01305	0.01199	0.01181	0.01087	0.01266	0.01275	0.01231	0.01329	0.01249	0.01233	0.01404	0.01235	0.01222	0.01356	0.01285	0.01181	0.01175	0.01235	0.01293	0.01379	0.01239	0.01257	0.01265	0.01205	0.01305	0.01212	0.01094	0.0	0.01279	0.01401	0.01349	0.01099	0.01283	0.01245	0.01107	0.01128	0.01469	0.01241	0.01255	0.01232	0.0132	0.01446	0.01229	0.01245	0.01142	0.01289	0.01211	0.01323	0.01197	0.01251	0.01323	0.01334	0.01207	0.01342	0.01297	0.01301	0.0131	0.01281	0.01344	0.01365	0.01217	0.01253	0.01409	0.01315	0.01236	0.01274	0.01303	0.01254	0.01287	0.013	0.0118	0.01245	0.01226	0.01294	0.01334	0.01321	0.01388	0.01289	0.01237	0.01263	0.01325	0.01319	0.01186	0.01196	0.01229	0.01287	0.01392	0.01227	0.01268	0.01187	0.01239	0.01206	0.01291	0.01241	0.01236	0.01198	0.01308	0.0139	0.01194
prawn	0.01224	0.00981	0.01012	0.0108	0.01215	0.01229	0.01234	0.01308	0.01198	0.01226	0.01053	0.01267	0.00913	0.01285	0.01249	0.01145	0.01268	0.01299	0.0131	0.01054	0.01329	0.01344	0.01098	0.01344	0.01318	0.01343	0.01406	0.01278	0.01287	0.0119	0.01324	0.01271	0.0111	0.01217	0.0126	0.01224	0.01232	0.01167	0.01173	0.01184	0.01229	0.01168	0.01375	0.01138	0.01277	0.01175	0.01226	0.01024	0.01135	0.01231	0.01015	0.01174	0.01276	0.01294	0.01213	0.01341	0.01255	0.01011	0.01256	0.01323	0.012	0.01222	0.01313	0.01255	0.01251	0.0133	0.01254	0.01146	0.01324	0.01235	0.01397	0.0134	0.01143	0.01275	0.01223	0.01178	0.01326	0.01292	0.01225	0.01207	0.01336	0.0126	0.01211	0.01079	0.01365	0.01223	0.01206	0.01133	0.01238	0.01054	0.01224	0.01259	0.01193	0.01268	0.01209	0.01142	0.01195	0.01303	0.01133	0.01357	0.01218	0.01259	0.01327	0.01165	0.01214	0.01353	0.0133	0.01284	0.01259	0.01302	0.01169	0.01226	0.01169	0.01197	0.01204	0.01281	0.01302	0.01274	0.01221	0.01111	0.00875	0.01203	0.01302	0.01458	0.01285	0.0124	0.01293	0.01323	0.01229	0.01164	0.01186	0.01236	0.01047	0.01216	0.01332	0.01173	0.01288	0.01257	0.01376	0.01294	0.01287	0.0129	0.01251	0.01221	0.01322	0.01104	0.01139	0.01154	0.01146	0.01294	0.01276	0.01281	0.01325	0.01206	0.01238	0.01181	0.01303	0.01149	0.01189	0.01281	0.01165	0.01171	0.01268	0.01143	0.01128	0.01298	0.01242	0.01143	0.01279	0.0	0.01346	0.01261	0.01212	0.01284	0.01208	0.01179	0.01258	0.01355	0.01194	0.0126	0.0114	0.01245	0.0135	0.01179	0.01289	0.01148	0.01159	0.01259	0.01199	0.0112	0.01207	0.01044	0.01117	0.01254	0.01305	0.01209	0.01081	0.01194	0.01022	0.01343	0.01273	0.01211	0.01209	0.01292	0.01217	0.01269	0.01201	0.00907	0.01212	0.01205	0.01246	0.01315	0.01314	0.01274	0.01257	0.01268	0.01324	0.01351	0.01251	0.01124	0.01318	0.01079	0.01347	0.01201	0.01245	0.01169	0.01004	0.01408	0.01211	0.01061	0.01175	0.01242	0.01265	0.01115	0.01179	0.01294	0.01234	0.01386	0.01372	0.01241
puma	0.01279	0.01339	0.01318	0.01317	0.01359	0.01267	0.01312	0.01314	0.0131	0.01384	0.01261	0.01351	0.01302	0.0137	0.0135	0.01259	0.0136	0.01425	0.0135	0.01305	0.01351	0.014	0.01177	0.01304	0.0127	0.01407	0.01486	0.01303	0.01317	0.01279	0.01356	0.01365	0.01353	0.0128	0.01292	0.0139	0.01404	0.01389	0.01394	0.01305	0.0136	0.01335	0.01464	0.01443	0.01338	0.01267	0.01247	0.01391	0.01255	0.0139	0.01405	0.01239	0.01417	0.01398	0.01182	0.01332	0.01345	0.01315	0.01324	0.01263	0.01309	0.01196	0.01368	0.0138	0.01279	0.01098	0.01407	0.01392	0.01348	0.01337	0.01378	0.01223	0.01272	0.01358	0.01214	0.0135	0.01328	0.01345	0.01286	0.0145	0.01467	0.01187	0.01296	0.01318	0.0146	0.01379	0.01238	0.01317	0.01364	0.01456	0.01195	0.01285	0.01349	0.01384	0.01415	0.01242	0.01266	0.0141	0.01322	0.0141	0.0134	0.01295	0.01343	0.01332	0.01341	0.01068	0.01369	0.01389	0.01284	0.01287	0.01303	0.01209	0.01323	0.01352	0.01308	0.01376	0.01213	0.01229	0.01325	0.01389	0.01345	0.01366	0.01125	0.0137	0.01425	0.01273	0.01338	0.01404	0.01191	0.01339	0.01298	0.01133	0.01293	0.0134	0.01383	0.01303	0.01377	0.01413	0.01498	0.0142	0.01428	0.01344	0.01308	0.01317	0.01376	0.01254	0.01346	0.01285	0.01166	0.01363	0.01369	0.0133	0.01253	0.0134	0.01377	0.01394	0.01295	0.01308	0.01341	0.01474	0.0119	0.01411	0.01337	0.01364	0.01297	0.01323	0.01369	0.01279	0.01401	0.01346	0.0	0.01342	0.01257	0.01292	0.01316	0.01379	0.01274	0.01389	0.01314	0.01321	0.01242	0.01122	0.01406	0.01365	0.01452	0.01283	0.01396	0.01202	0.01367	0.01281	0.01271	0.01401	0.01235	0.01243	0.01369	0.0145	0.01299	0.01388	0.01395	0.01252	0.01376	0.0125	0.01275	0.01379	0.01248	0.01255	0.01221	0.01332	0.01334	0.01299	0.01317	0.01463	0.01408	0.01307	0.014	0.01389	0.01371	0.01346	0.01165	0.01333	0.01215	0.0136	0.01418	0.01207	0.01325	0.01387	0.01392	0.01362	0.01217	0.01328	0.01238	0.01274	0.01277	0.01385	0.01313	0.01195	0.01291	0.01399	0.01264	0.01331
python	0.01333	0.01247	0.01295	0.01215	0.01348	0.01209	0.0125	0.01309	0.0134	0.01357	0.01238	0.01298	0.0125	0.01398	0.01329	0.01183	0.01313	0.01422	0.01264	0.01302	0.01378	0.01291	0.01181	0.01275	0.01258	0.01443	0.01485	0.01334	0.01311	0.0123	0.01326	0.01393	0.01406	0.01362	0.01327	0.01326	0.01288	0.01267	0.01341	0.01195	0.01371	0.01298	0.01364	0.01419	0.01345	0.01288	0.01212	0.01312	0.01198	0.01291	0.01342	0.01301	0.01375	0.01344	0.01301	0.01346	0.01384	0.01293	0.01299	0.01275	0.01282	0.01296	0.01369	0.01311	0.01365	0.01313	0.01247	0.01259	0.01429	0.01363	0.01313	0.01355	0.01193	0.01308	0.01324	0.01388	0.01347	0.01347	0.01275	0.01348	0.01349	0.01284	0.0128	0.01298	0.0135	0.01408	0.01241	0.01191	0.01305	0.01382	0.01321	0.01226	0.01341	0.01382	0.01313	0.01269	0.01323	0.01314	0.01271	0.0143	0.01313	0.01313	0.01282	0.01266	0.01335	0.01306	0.01426	0.01297	0.01338	0.01288	0.0129	0.01312	0.01225	0.01371	0.01284	0.01341	0.01297	0.01359	0.01224	0.01262	0.01288	0.0125	0.0133	0.01458	0.01363	0.01316	0.01416	0.01361	0.0123	0.01382	0.012	0.01263	0.0126	0.01214	0.01385	0.0129	0.01421	0.01327	0.01384	0.01361	0.01346	0.01314	0.01255	0.01258	0.01408	0.01184	0.01297	0.01269	0.01237	0.01315	0.01343	0.013	0.01257	0.01357	0.0133	0.01343	0.01347	0.01274	0.0135	0.01416	0.01224	0.01346	0.01228	0.01362	0.01295	0.01396	0.01285	0.01244	0.01349	0.01261	0.01342	0.0	0.01342	0.0134	0.01287	0.01296	0.01297	0.01376	0.01268	0.01357	0.0127	0.01212	0.0143	0.01378	0.0133	0.01268	0.01359	0.01354	0.01252	0.01285	0.013	0.01266	0.01275	0.01194	0.01374	0.01329	0.01312	0.01328	0.01285	0.01286	0.01352	0.01319	0.01298	0.01273	0.01184	0.01307	0.01294	0.0127	0.01293	0.01306	0.01325	0.01299	0.01352	0.01338	0.01356	0.01351	0.01397	0.0136	0.01279	0.01268	0.01313	0.01234	0.01367	0.01313	0.01257	0.01323	0.01372	0.01412	0.01314	0.01345	0.01279	0.01282	0.01316	0.01313	0.01298	0.01237	0.0126	0.01406	0.01347	0.01338
rabbit	0.01205	0.01204	0.01217	0.01134	0.01094	0.01234	0.01113	0.01239	0.01138	0.01114	0.01147	0.01289	0.01322	0.01137	0.01277	0.0119	0.01269	0.01372	0.01164	0.01097	0.01307	0.01331	0.0112	0.01295	0.01238	0.01253	0.01356	0.01226	0.0129	0.01213	0.01218	0.01374	0.01188	0.00932	0.01281	0.01165	0.01253	0.01256	0.01197	0.01156	0.01036	0.01278	0.01341	0.01371	0.01299	0.01155	0.01098	0.01299	0.0121	0.01326	0.01292	0.00902	0.01167	0.01336	0.01312	0.01096	0.01048	0.01284	0.01241	0.0113	0.01303	0.01081	0.01302	0.01299	0.01016	0.01162	0.01305	0.01268	0.01293	0.01077	0.0141	0.01314	0.01218	0.0132	0.01203	0.01276	0.0132	0.01268	0.01171	0.01335	0.01428	0.01088	0.01222	0.01212	0.01322	0.01209	0.01175	0.01144	0.01242	0.01371	0.01276	0.01082	0.01223	0.0127	0.01306	0.01261	0.01083	0.0127	0.01204	0.01322	0.01295	0.01244	0.01122	0.01193	0.01235	0.01312	0.01259	0.01206	0.01118	0.01272	0.01129	0.01294	0.01081	0.01288	0.0126	0.01206	0.0123	0.01208	0.01278	0.01259	0.01254	0.01275	0.01179	0.01448	0.0128	0.01182	0.01078	0.01323	0.01176	0.01137	0.01092	0.01119	0.01208	0.01189	0.01339	0.01301	0.01271	0.01262	0.01383	0.01311	0.01287	0.01272	0.01114	0.01094	0.01056	0.01192	0.01219	0.01181	0.01241	0.01323	0.01239	0.01349	0.01148	0.01191	0.01318	0.01259	0.01054	0.01102	0.01214	0.013	0.01248	0.01194	0.01144	0.01209	0.01083	0.01237	0.01079	0.01087	0.01099	0.01212	0.01257	0.01342	0.0	0.0114	0.01248	0.01112	0.01029	0.01393	0.01222	0.01217	0.01141	0.01115	0.01399	0.01256	0.01365	0.01172	0.01292	0.01185	0.0125	0.01088	0.01117	0.01273	0.01186	0.01193	0.01297	0.01296	0.0109	0.01293	0.01261	0.01256	0.01377	0.01163	0.01205	0.01378	0.01291	0.01198	0.01129	0.01298	0.01206	0.01041	0.01273	0.01297	0.01259	0.01242	0.0129	0.01279	0.013	0.01314	0.01129	0.01226	0.01172	0.01222	0.01368	0.01173	0.01279	0.01236	0.01182	0.01393	0.01246	0.01095	0.01118	0.01275	0.01168	0.01164	0.01115	0.01149	0.01035	0.01328	0.01324	0.01103
racoon	0.01171	0.01314	0.01293	0.01223	0.01247	0.01324	0.0126	0.01363	0.01235	0.01329	0.01252	0.01316	0.01344	0.01247	0.01385	0.01251	0.01334	0.01351	0.01312	0.01239	0.01359	0.01369	0.01221	0.01354	0.01301	0.01334	0.0133	0.0123	0.01229	0.0126	0.01261	0.0137	0.01396	0.0122	0.01338	0.01257	0.01369	0.01262	0.01311	0.01254	0.01267	0.01352	0.01394	0.01411	0.01326	0.01227	0.01211	0.01316	0.01304	0.013	0.01344	0.01202	0.01293	0.01346	0.0122	0.01202	0.01253	0.01316	0.01262	0.01261	0.01262	0.01267	0.013	0.01391	0.01194	0.01179	0.01404	0.01309	0.01302	0.01292	0.01365	0.01264	0.01312	0.01352	0.01262	0.0137	0.0129	0.01295	0.01291	0.01396	0.01358	0.01215	0.01297	0.01332	0.01357	0.01319	0.01235	0.0124	0.01272	0.01356	0.01309	0.01195	0.01265	0.01351	0.01238	0.01259	0.01186	0.01275	0.01297	0.01367	0.0129	0.0121	0.0135	0.01251	0.01161	0.01258	0.0138	0.01273	0.01261	0.01262	0.01224	0.01321	0.01247	0.01279	0.01286	0.01355	0.01227	0.01268	0.01277	0.013	0.01268	0.01364	0.01224	0.01398	0.01347	0.01238	0.01292	0.01356	0.01223	0.0127	0.01211	0.01202	0.01241	0.01282	0.01415	0.01345	0.01271	0.01379	0.01373	0.01341	0.01273	0.01333	0.0123	0.01295	0.01271	0.01254	0.01275	0.0127	0.01205	0.01353	0.0131	0.01338	0.0121	0.01298	0.01388	0.01358	0.01293	0.01191	0.01267	0.01298	0.01292	0.01378	0.01308	0.01296	0.01189	0.01261	0.01212	0.0122	0.01283	0.01284	0.01292	0.0134	0.0114	0.0	0.01293	0.01176	0.0122	0.01389	0.01318	0.01269	0.01212	0.01176	0.0134	0.01281	0.01395	0.01239	0.01348	0.01242	0.01325	0.01295	0.01261	0.01348	0.0122	0.01256	0.01328	0.01427	0.01203	0.01379	0.01343	0.01258	0.01375	0.01218	0.01224	0.01324	0.01326	0.01202	0.0121	0.01375	0.01228	0.01192	0.01325	0.01381	0.01267	0.01298	0.01239	0.01287	0.0128	0.01336	0.01307	0.01315	0.01307	0.01277	0.01394	0.01237	0.01305	0.01263	0.01235	0.01441	0.01238	0.01256	0.01275	0.01333	0.01291	0.01236	0.01218	0.0133	0.01178	0.0138	0.0131	0.01141
rat	0.01303	0.01186	0.01166	0.01162	0.01207	0.01261	0.01172	0.01159	0.0129	0.01256	0.01185	0.01202	0.01215	0.01331	0.0121	0.01191	0.01115	0.01279	0.0114	0.01212	0.01316	0.01351	0.01151	0.01309	0.01325	0.01427	0.01386	0.01201	0.01279	0.01147	0.01298	0.01329	0.0135	0.01239	0.01235	0.01327	0.01285	0.01288	0.01178	0.011	0.01221	0.01254	0.01265	0.01429	0.01297	0.0122	0.01155	0.01345	0.01135	0.01142	0.01329	0.01184	0.01365	0.0123	0.01368	0.01256	0.01201	0.01133	0.01175	0.01237	0.01224	0.01109	0.01382	0.01289	0.01217	0.01211	0.0115	0.0127	0.01074	0.01268	0.01291	0.01297	0.01177	0.01306	0.0128	0.01171	0.01335	0.01289	0.01198	0.01277	0.01309	0.01157	0.01005	0.01291	0.01359	0.01185	0.01184	0.01145	0.01216	0.01346	0.0124	0.01071	0.01193	0.01322	0.01303	0.01298	0.01138	0.01226	0.01211	0.01404	0.01075	0.01193	0.01228	0.01086	0.01202	0.01289	0.01418	0.01229	0.01149	0.01299	0.01261	0.01267	0.01154	0.01175	0.0095	0.01221	0.01268	0.0135	0.01199	0.01052	0.01185	0.01147	0.01319	0.01479	0.01312	0.01258	0.01233	0.01257	0.01207	0.01253	0.0113	0.0118	0.01025	0.01131	0.01342	0.01157	0.01232	0.01211	0.01324	0.01284	0.01305	0.0134	0.01138	0.01226	0.01345	0.0101	0.01133	0.01209	0.01222	0.01311	0.01217	0.01307	0.0115	0.01312	0.01284	0.01351	0.01305	0.01025	0.01221	0.01436	0.01242	0.0133	0.01243	0.01315	0.0105	0.01169	0.01317	0.01059	0.01245	0.01208	0.01316	0.01287	0.01248	0.01293	0.0	0.01309	0.01208	0.0135	0.01156	0.01294	0.01039	0.01186	0.01396	0.01205	0.01326	0.01013	0.01279	0.01315	0.0109	0.01194	0.01222	0.01212	0.01194	0.01061	0.01373	0.01311	0.01203	0.01242	0.01244	0.01301	0.01207	0.01174	0.01073	0.01365	0.01203	0.01057	0.01193	0.01262	0.01318	0.01238	0.01107	0.01235	0.01361	0.01225	0.01277	0.01328	0.01314	0.01403	0.01113	0.01025	0.01159	0.01213	0.01267	0.01323	0.01306	0.01176	0.01342	0.01414	0.01249	0.01258	0.01141	0.01171	0.01257	0.01223	0.0109	0.01141	0.0115	0.01343	0.01323	0.01203
rattlesnake	0.01218	0.01305	0.01249	0.01023	0.01261	0.01268	0.01222	0.01286	0.01172	0.01198	0.012	0.01232	0.01281	0.01165	0.01257	0.0104	0.01255	0.01358	0.01278	0.01011	0.01262	0.01273	0.01157	0.01235	0.0132	0.01236	0.01304	0.01281	0.01224	0.01194	0.01191	0.01339	0.01268	0.01122	0.01245	0.01242	0.01222	0.01205	0.01209	0.01199	0.01171	0.01269	0.0132	0.01344	0.01289	0.01084	0.01219	0.01271	0.01122	0.01284	0.01302	0.01212	0.01164	0.01291	0.01259	0.01121	0.01235	0.01249	0.01203	0.01295	0.01256	0.01225	0.0121	0.01299	0.01182	0.01328	0.01325	0.01134	0.01327	0.01205	0.01315	0.0132	0.01211	0.01031	0.01198	0.01239	0.01329	0.01295	0.0114	0.01342	0.0135	0.01216	0.01261	0.0121	0.0134	0.01232	0.01248	0.00869	0.01188	0.01218	0.01235	0.01235	0.01197	0.01278	0.01348	0.01187	0.01206	0.01271	0.01237	0.0126	0.0128	0.01226	0.01227	0.01099	0.01195	0.01325	0.01365	0.01227	0.0117	0.01297	0.01229	0.01305	0.01212	0.01327	0.01297	0.01309	0.01236	0.01131	0.01267	0.01295	0.01153	0.01198	0.01304	0.01437	0.01236	0.01183	0.0125	0.01364	0.01183	0.01251	0.01149	0.01184	0.01187	0.01203	0.0131	0.01245	0.01218	0.01272	0.01356	0.01245	0.01285	0.01263	0.01187	0.01208	0.01118	0.01164	0.01219	0.01126	0.01105	0.01254	0.0124	0.01268	0.0124	0.01175	0.0138	0.01232	0.01203	0.01128	0.0118	0.01192	0.01273	0.0126	0.01307	0.01225	0.01187	0.01229	0.01131	0.01112	0.01107	0.01179	0.01379	0.01296	0.01112	0.01176	0.01309	0.0	0.01022	0.01378	0.01256	0.01205	0.0121	0.01266	0.01427	0.0122	0.01289	0.01176	0.0129	0.01175	0.01182	0.01232	0.01222	0.01277	0.01197	0.0122	0.01284	0.01329	0.01212	0.01227	0.012	0.01166	0.01355	0.01156	0.0124	0.01304	0.01236	0.01253	0.01244	0.01277	0.00989	0.01259	0.01284	0.01218	0.01042	0.01279	0.01173	0.01277	0.01251	0.01303	0.01308	0.01178	0.01272	0.01265	0.01309	0.01162	0.01019	0.01234	0.01229	0.01426	0.01163	0.01216	0.01191	0.01218	0.01195	0.01253	0.01148	0.01266	0.0122	0.01253	0.01348	0.01159
raven	0.01276	0.01315	0.01267	0.01133	0.0121	0.01231	0.0125	0.01331	0.012	0.01158	0.01201	0.01229	0.01347	0.01082	0.01238	0.01163	0.01266	0.01349	0.01229	0.01111	0.01172	0.01296	0.01159	0.01307	0.0138	0.01233	0.01354	0.01176	0.01257	0.01172	0.01159	0.0129	0.01309	0.01141	0.01207	0.01302	0.01274	0.01363	0.01225	0.012	0.01137	0.01333	0.01372	0.01381	0.01382	0.01158	0.01226	0.01413	0.01151	0.0121	0.01366	0.01164	0.01103	0.01261	0.01282	0.01147	0.01156	0.01191	0.01227	0.01305	0.01207	0.01157	0.01221	0.01272	0.00999	0.01262	0.0129	0.0135	0.01347	0.01133	0.01321	0.01204	0.0122	0.01254	0.01176	0.01192	0.01299	0.01141	0.01236	0.01371	0.01321	0.01245	0.0112	0.01261	0.01355	0.01243	0.01168	0.01072	0.01295	0.01325	0.01204	0.01192	0.01136	0.01325	0.01293	0.01245	0.01071	0.01177	0.01272	0.0136	0.01234	0.01221	0.01227	0.01104	0.01209	0.01263	0.01275	0.01216	0.01145	0.0126	0.01276	0.01301	0.01228	0.0121	0.01242	0.01251	0.01198	0.01156	0.01224	0.01289	0.01229	0.0128	0.01243	0.01391	0.01236	0.01111	0.01198	0.01292	0.01179	0.0117	0.01179	0.01161	0.01143	0.01147	0.01331	0.01288	0.01244	0.01272	0.01367	0.01369	0.01249	0.01354	0.01185	0.01124	0.0111	0.01112	0.01136	0.01167	0.01131	0.01336	0.01227	0.01304	0.01103	0.01241	0.01287	0.0131	0.01159	0.00982	0.01198	0.01273	0.01206	0.01265	0.01227	0.01369	0.01063	0.0118	0.01161	0.01071	0.01128	0.01258	0.01274	0.01297	0.01029	0.0122	0.01208	0.01022	0.0	0.01289	0.01238	0.01187	0.01075	0.01259	0.01371	0.01163	0.01296	0.01085	0.01356	0.01133	0.01194	0.01261	0.01158	0.01339	0.01288	0.01215	0.01365	0.01337	0.01204	0.01283	0.01291	0.01204	0.01375	0.01087	0.01164	0.01373	0.01271	0.01154	0.01233	0.01313	0.01156	0.01259	0.01204	0.01271	0.01167	0.01286	0.01281	0.01374	0.0128	0.01299	0.01179	0.01146	0.01142	0.01314	0.01312	0.01225	0.0126	0.01214	0.01322	0.01411	0.01201	0.01265	0.01179	0.01162	0.01153	0.01369	0.01148	0.01186	0.01143	0.01244	0.0131	0.01107
ray	0.01398	0.01325	0.01305	0.01398	0.01456	0.01371	0.01412	0.01428	0.01397	0.01425	0.01271	0.01346	0.01381	0.0138	0.01351	0.0139	0.01392	0.01276	0.01426	0.01335	0.01308	0.01414	0.01395	0.01428	0.01459	0.01376	0.01281	0.01344	0.01373	0.01305	0.01338	0.01469	0.01431	0.01445	0.01411	0.01459	0.0141	0.01353	0.01428	0.0136	0.01441	0.01357	0.01456	0.01466	0.01478	0.01391	0.01399	0.01433	0.01343	0.01368	0.01379	0.01405	0.01344	0.01394	0.01312	0.01447	0.01401	0.01353	0.01414	0.01414	0.01318	0.01319	0.01363	0.01317	0.01293	0.01462	0.0139	0.01393	0.01433	0.01294	0.01411	0.01359	0.01416	0.01421	0.01383	0.0136	0.01366	0.01287	0.01418	0.01448	0.0144	0.01473	0.013	0.01354	0.01378	0.01482	0.01314	0.01338	0.01429	0.01401	0.01414	0.01408	0.01422	0.01453	0.01305	0.01214	0.01347	0.01348	0.01367	0.01421	0.0138	0.0142	0.01392	0.01398	0.0141	0.01344	0.01114	0.01404	0.01432	0.01447	0.01482	0.01338	0.01396	0.01348	0.01377	0.01341	0.01335	0.01372	0.01314	0.01364	0.01312	0.01404	0.01384	0.01336	0.01395	0.01252	0.01479	0.01233	0.01365	0.0131	0.01427	0.01285	0.01345	0.01372	0.01377	0.01344	0.01431	0.01361	0.01379	0.0149	0.01446	0.01438	0.01414	0.01321	0.01445	0.0131	0.01375	0.01374	0.01338	0.01444	0.01401	0.01314	0.0138	0.0141	0.01367	0.01456	0.01446	0.01352	0.01391	0.01352	0.01368	0.01407	0.01415	0.0143	0.01332	0.01377	0.01404	0.01398	0.01469	0.01355	0.01389	0.01376	0.01393	0.01389	0.0135	0.01378	0.01289	0.0	0.0146	0.01353	0.01298	0.01413	0.01211	0.01316	0.01418	0.01321	0.01451	0.01347	0.01348	0.01407	0.01407	0.01402	0.01365	0.01396	0.0148	0.01458	0.01391	0.01392	0.01387	0.01317	0.01452	0.01371	0.01375	0.01383	0.01357	0.01394	0.01394	0.01386	0.01317	0.01419	0.01384	0.01457	0.01336	0.01403	0.01401	0.0144	0.01382	0.01325	0.01329	0.0134	0.01432	0.01354	0.01459	0.01476	0.01446	0.01377	0.01427	0.0159	0.01394	0.01377	0.01379	0.01387	0.01356	0.0141	0.01406	0.01364	0.01425	0.01295	0.0145	0.01328
red_admiral	0.01183	0.01265	0.012	0.01105	0.01153	0.01213	0.01075	0.01257	0.01202	0.0121	0.01249	0.01236	0.01206	0.01261	0.01224	0.01193	0.0121	0.0135	0.01133	0.01107	0.01281	0.01338	0.01049	0.01312	0.01129	0.01349	0.01387	0.01289	0.01258	0.01231	0.01255	0.01316	0.01297	0.01203	0.01231	0.01143	0.01214	0.01244	0.01153	0.01074	0.01171	0.0133	0.01249	0.0138	0.01321	0.01224	0.01009	0.01249	0.01188	0.01289	0.0131	0.01187	0.01173	0.01164	0.01383	0.01126	0.01226	0.01057	0.01191	0.01206	0.01318	0.0124	0.01211	0.01269	0.01311	0.01169	0.01159	0.01283	0.01232	0.01266	0.01209	0.01308	0.01031	0.0129	0.01188	0.01222	0.01293	0.01355	0.01295	0.01264	0.01357	0.01139	0.01247	0.01239	0.0138	0.01098	0.01157	0.01191	0.01095	0.0123	0.01234	0.01152	0.01146	0.0127	0.01325	0.013	0.0121	0.01272	0.01232	0.01315	0.01228	0.01094	0.01231	0.01196	0.01126	0.0128	0.01434	0.01212	0.01169	0.01231	0.01206	0.01226	0.00987	0.01281	0.01197	0.0131	0.01309	0.01159	0.01202	0.01166	0.01215	0.01178	0.01292	0.01446	0.01197	0.01282	0.01249	0.01288	0.01157	0.01205	0.01052	0.01262	0.01065	0.01159	0.01322	0.01326	0.01183	0.01345	0.01317	0.01253	0.01264	0.01217	0.01061	0.01144	0.01227	0.0115	0.01062	0.01182	0.01264	0.01162	0.01159	0.01139	0.01178	0.01211	0.01273	0.01207	0.01206	0.01115	0.01154	0.01381	0.01351	0.01318	0.01184	0.01241	0.01131	0.0124	0.01225	0.01154	0.01241	0.01194	0.01314	0.01268	0.01222	0.01318	0.01156	0.01256	0.01238	0.0146	0.0	0.01221	0.01164	0.01239	0.014	0.01172	0.01376	0.01265	0.01273	0.01265	0.01279	0.01186	0.01167	0.01155	0.0121	0.01185	0.01308	0.01257	0.01187	0.0126	0.01241	0.01342	0.01211	0.01269	0.01154	0.01311	0.01266	0.01169	0.01162	0.01193	0.01309	0.01244	0.0114	0.01217	0.01399	0.01145	0.01223	0.01272	0.01271	0.01406	0.01204	0.01147	0.01103	0.01244	0.01282	0.01196	0.01259	0.01122	0.01322	0.01341	0.01144	0.01235	0.01102	0.01189	0.01267	0.01192	0.01108	0.01113	0.01131	0.01281	0.01263	0.01254
red_panda	0.01144	0.01331	0.01278	0.01151	0.01334	0.01136	0.01283	0.01299	0.0123	0.01348	0.01284	0.01261	0.01283	0.01319	0.01246	0.01189	0.01224	0.01314	0.0133	0.01249	0.01072	0.01333	0.01238	0.01298	0.01314	0.01409	0.0134	0.01266	0.01256	0.01245	0.01296	0.01282	0.01315	0.01283	0.0132	0.01337	0.01297	0.01318	0.01226	0.01279	0.01281	0.01315	0.01379	0.01375	0.01362	0.01191	0.0121	0.0133	0.01159	0.0126	0.01265	0.01279	0.01135	0.01063	0.01251	0.01275	0.01302	0.01254	0.01273	0.01311	0.01305	0.01282	0.01086	0.01188	0.01173	0.01283	0.01333	0.01268	0.01328	0.01333	0.01352	0.01182	0.01047	0.01306	0.01202	0.01283	0.01292	0.01213	0.01255	0.01341	0.01292	0.01264	0.01209	0.01308	0.01274	0.01326	0.01192	0.01187	0.012	0.01344	0.01214	0.01269	0.01157	0.01198	0.0131	0.01268	0.01162	0.01203	0.01291	0.01065	0.01236	0.01344	0.01287	0.01186	0.01126	0.01335	0.0127	0.01336	0.01186	0.01094	0.01304	0.01342	0.01215	0.01304	0.01313	0.01251	0.01248	0.01108	0.01242	0.01301	0.0124	0.01297	0.0126	0.01395	0.0124	0.011	0.01271	0.01352	0.01266	0.01284	0.01182	0.01229	0.01261	0.01254	0.01303	0.01281	0.01313	0.01246	0.01127	0.01211	0.01265	0.01274	0.01234	0.01064	0.01314	0.01171	0.01163	0.0121	0.01157	0.01226	0.01147	0.01189	0.01301	0.01168	0.01223	0.01269	0.01308	0.01194	0.01136	0.01287	0.01268	0.01352	0.01255	0.01278	0.01209	0.01309	0.01163	0.01107	0.01255	0.0126	0.01321	0.01357	0.01217	0.01269	0.01294	0.01205	0.01187	0.01353	0.01221	0.0	0.01162	0.01267	0.01299	0.01177	0.01384	0.01188	0.01258	0.01014	0.01278	0.01286	0.01126	0.01306	0.012	0.01202	0.01351	0.01356	0.01244	0.01288	0.01306	0.01205	0.01297	0.01236	0.01309	0.01395	0.01217	0.01287	0.01197	0.0135	0.01255	0.01312	0.0131	0.01308	0.01315	0.01136	0.01098	0.01263	0.01159	0.01272	0.01264	0.01205	0.01247	0.01363	0.01237	0.01217	0.01244	0.01359	0.01336	0.01429	0.01192	0.01232	0.01255	0.01274	0.01213	0.01341	0.01262	0.01268	0.01224	0.01055	0.01394	0.01211
reindeer	0.01191	0.01238	0.01172	0.01118	0.0119	0.01162	0.01204	0.01249	0.01242	0.01256	0.01135	0.01221	0.01234	0.01279	0.01188	0.01118	0.01214	0.01259	0.01195	0.01114	0.01243	0.01319	0.0108	0.01296	0.01308	0.01408	0.01396	0.01211	0.01243	0.01125	0.01227	0.01232	0.01333	0.01254	0.01168	0.01342	0.013	0.01293	0.01174	0.01141	0.01227	0.0127	0.01353	0.01369	0.01305	0.01103	0.01098	0.01359	0.01086	0.01234	0.01295	0.01154	0.01194	0.01194	0.01302	0.01337	0.01172	0.01072	0.01235	0.01245	0.01178	0.01063	0.01266	0.01197	0.01093	0.01218	0.01247	0.01276	0.01078	0.01258	0.01383	0.01267	0.01063	0.01352	0.01195	0.01141	0.01272	0.01237	0.01249	0.0133	0.01296	0.01242	0.00979	0.01218	0.0136	0.01165	0.01154	0.01065	0.01258	0.01325	0.01219	0.01122	0.01147	0.01305	0.01259	0.01228	0.01019	0.01217	0.01208	0.01331	0.01169	0.01188	0.01238	0.01124	0.01178	0.01237	0.0132	0.01272	0.01157	0.01278	0.013	0.01246	0.01101	0.01064	0.0108	0.01247	0.01165	0.01251	0.01174	0.01027	0.01132	0.01258	0.01215	0.01398	0.01266	0.01145	0.01296	0.01237	0.01181	0.01144	0.01099	0.01062	0.00912	0.01195	0.01307	0.01185	0.01203	0.01291	0.0127	0.01335	0.01227	0.01292	0.01112	0.01102	0.01264	0.00949	0.0108	0.01172	0.01133	0.0128	0.01224	0.01212	0.01145	0.01258	0.01198	0.01345	0.01325	0.00847	0.01174	0.01362	0.01197	0.01346	0.01189	0.01313	0.00782	0.01138	0.01254	0.0106	0.01232	0.0114	0.01242	0.0127	0.01141	0.01212	0.01039	0.0121	0.01075	0.01298	0.01164	0.01162	0.0	0.01184	0.01305	0.01162	0.01349	0.00982	0.01322	0.01156	0.01185	0.01208	0.01194	0.01286	0.01189	0.01158	0.01373	0.0137	0.01152	0.01259	0.01248	0.01283	0.01262	0.01096	0.0099	0.01365	0.01212	0.00994	0.01136	0.01261	0.01246	0.01234	0.01116	0.01332	0.01316	0.01188	0.01259	0.01294	0.01234	0.01311	0.01094	0.01095	0.01135	0.01211	0.01254	0.01269	0.0131	0.0107	0.01327	0.01445	0.01166	0.01189	0.01193	0.0119	0.01215	0.01267	0.0102	0.01103	0.01121	0.01318	0.01297	0.01178
rhinoceros	0.01201	0.01231	0.01252	0.01172	0.01183	0.01225	0.01053	0.01237	0.01177	0.0125	0.01128	0.01249	0.0125	0.01353	0.01318	0.01139	0.01195	0.01405	0.01231	0.01206	0.01347	0.0128	0.01109	0.01309	0.01154	0.01334	0.01467	0.01272	0.01239	0.01114	0.0131	0.01343	0.01337	0.01107	0.01241	0.01223	0.01287	0.01231	0.01266	0.01239	0.01184	0.01234	0.01339	0.01356	0.01262	0.01222	0.01055	0.01293	0.01172	0.01229	0.01321	0.0108	0.01383	0.01296	0.01224	0.01128	0.01227	0.01305	0.01296	0.01059	0.01239	0.01143	0.01331	0.01248	0.01121	0.01043	0.01329	0.01212	0.01224	0.01264	0.01302	0.01284	0.0122	0.01256	0.01287	0.01331	0.01362	0.01298	0.01147	0.01362	0.0139	0.01094	0.0125	0.01247	0.01348	0.01243	0.0105	0.01147	0.01157	0.01408	0.01242	0.01053	0.01226	0.01308	0.01377	0.01206	0.01199	0.01309	0.0125	0.0142	0.01199	0.01165	0.01186	0.0118	0.0123	0.0113	0.01424	0.0129	0.01074	0.0127	0.0114	0.01309	0.0107	0.01344	0.01261	0.01253	0.01145	0.01193	0.01322	0.01266	0.01211	0.01243	0.01127	0.01407	0.01347	0.01271	0.01235	0.01372	0.01247	0.01269	0.01125	0.00982	0.01204	0.01229	0.01311	0.01295	0.01241	0.0129	0.01361	0.01274	0.01261	0.01206	0.0111	0.0119	0.01279	0.0121	0.01247	0.01219	0.01097	0.01272	0.01298	0.01262	0.01174	0.01298	0.01309	0.01314	0.01159	0.01197	0.0126	0.01411	0.01222	0.01304	0.01232	0.01179	0.01191	0.01305	0.01209	0.01167	0.0132	0.01245	0.01122	0.01212	0.01115	0.01176	0.01186	0.01266	0.01259	0.01413	0.01239	0.01267	0.01184	0.0	0.01437	0.01333	0.01316	0.01145	0.01209	0.01189	0.01288	0.01163	0.01178	0.01245	0.01133	0.01098	0.01277	0.01305	0.01163	0.01286	0.01257	0.01306	0.01257	0.01259	0.01214	0.0131	0.01139	0.01181	0.00995	0.01265	0.01264	0.01148	0.01262	0.01356	0.01339	0.01275	0.0134	0.01188	0.01346	0.0132	0.01125	0.01221	0.01243	0.01259	0.01335	0.01143	0.01173	0.01253	0.01243	0.0134	0.01294	0.01207	0.01202	0.0122	0.01286	0.01174	0.01135	0.01266	0.01025	0.01376	0.01235	0.01176
robin	0.01389	0.01454	0.01347	0.01444	0.01377	0.01399	0.01424	0.01429	0.01424	0.0143	0.0141	0.01406	0.01416	0.01407	0.01368	0.01445	0.01384	0.01245	0.01446	0.01447	0.01336	0.01427	0.01391	0.014	0.01425	0.01471	0.01329	0.01369	0.01415	0.01321	0.01425	0.01366	0.01409	0.01454	0.01454	0.01461	0.01424	0.0148	0.01449	0.01348	0.01389	0.01414	0.01484	0.01484	0.01452	0.01401	0.01416	0.0148	0.01357	0.01392	0.0141	0.01383	0.01306	0.01304	0.0136	0.0148	0.01458	0.01379	0.01377	0.0142	0.01356	0.01389	0.01347	0.01349	0.01303	0.01419	0.01441	0.01417	0.01389	0.01354	0.0142	0.01339	0.01355	0.01422	0.01369	0.01463	0.01407	0.01325	0.01416	0.01461	0.01364	0.01455	0.01363	0.01424	0.01385	0.01445	0.01372	0.01385	0.01389	0.01461	0.01357	0.01383	0.01345	0.01348	0.01324	0.01358	0.01353	0.0131	0.01462	0.01257	0.01406	0.01436	0.01428	0.01349	0.01292	0.01376	0.01127	0.01402	0.01417	0.01381	0.01439	0.01338	0.01409	0.01361	0.01382	0.01339	0.01344	0.01382	0.01371	0.01401	0.0142	0.01471	0.01378	0.0139	0.01318	0.01236	0.01395	0.01287	0.01396	0.0138	0.0143	0.01342	0.01378	0.01343	0.01496	0.01432	0.01459	0.01361	0.01308	0.01419	0.01389	0.01443	0.01407	0.01346	0.01449	0.01313	0.01302	0.01421	0.01334	0.01431	0.01405	0.01317	0.01399	0.01404	0.0124	0.01451	0.01433	0.01299	0.0139	0.0138	0.01396	0.01447	0.01392	0.01441	0.01342	0.01384	0.01421	0.01361	0.01446	0.0135	0.01406	0.0143	0.01399	0.0134	0.01396	0.01427	0.01371	0.01211	0.014	0.01299	0.01305	0.01437	0.0	0.01332	0.01439	0.01363	0.01454	0.01339	0.0141	0.01425	0.01356	0.01479	0.01381	0.01394	0.01467	0.0148	0.01369	0.01468	0.01448	0.014	0.015	0.01411	0.01356	0.01506	0.01384	0.01366	0.01361	0.01486	0.01376	0.01388	0.01396	0.0149	0.0137	0.01328	0.01372	0.01389	0.01266	0.01321	0.01367	0.01426	0.01416	0.01415	0.01385	0.01457	0.01433	0.01412	0.01475	0.01501	0.01399	0.01421	0.01384	0.01446	0.01331	0.01485	0.01429	0.01376	0.0138	0.01309	0.01472	0.01339
rooster	0.01316	0.01311	0.01255	0.01213	0.01257	0.01294	0.01195	0.01322	0.01346	0.01292	0.01255	0.01302	0.01254	0.01309	0.01285	0.01214	0.01308	0.01322	0.01333	0.01202	0.01253	0.01372	0.01167	0.01347	0.01311	0.01314	0.0134	0.01273	0.01394	0.01278	0.01219	0.01348	0.01383	0.01329	0.01264	0.01363	0.01348	0.01319	0.01212	0.01221	0.01215	0.01322	0.01429	0.01474	0.01428	0.01253	0.01236	0.01332	0.01203	0.01261	0.01421	0.01293	0.01122	0.0123	0.01379	0.01339	0.01219	0.01078	0.01231	0.01304	0.0134	0.01222	0.01182	0.01326	0.0117	0.0136	0.01318	0.01347	0.01256	0.01231	0.01325	0.01266	0.0119	0.01336	0.01296	0.01228	0.0133	0.01228	0.01331	0.01385	0.01344	0.01317	0.01258	0.01281	0.01353	0.01268	0.0131	0.0118	0.01184	0.01307	0.01241	0.01255	0.0116	0.01382	0.01379	0.01293	0.01176	0.01262	0.01302	0.01357	0.01263	0.01232	0.01296	0.01251	0.01186	0.01334	0.01341	0.01306	0.01294	0.01371	0.01362	0.01284	0.01189	0.01253	0.01278	0.01351	0.01302	0.0115	0.01276	0.01259	0.01235	0.01362	0.01399	0.01418	0.01322	0.01187	0.01315	0.01298	0.01242	0.01327	0.01202	0.01203	0.01009	0.01202	0.01419	0.0132	0.01206	0.0129	0.0132	0.0135	0.01309	0.01382	0.01182	0.01188	0.01282	0.01122	0.01186	0.01298	0.01251	0.01326	0.01249	0.01196	0.01221	0.01286	0.01291	0.01292	0.01323	0.01095	0.01172	0.01347	0.01316	0.01372	0.01313	0.01381	0.0108	0.01256	0.01268	0.01189	0.01229	0.01179	0.01365	0.01378	0.01256	0.01281	0.01205	0.0122	0.01163	0.01316	0.01172	0.01177	0.01162	0.01333	0.01332	0.0	0.01425	0.01195	0.01323	0.01223	0.01283	0.01305	0.01246	0.01333	0.01286	0.01285	0.01373	0.0134	0.01261	0.01375	0.01316	0.0135	0.01356	0.01219	0.012	0.01375	0.01336	0.01185	0.01087	0.01355	0.01332	0.01336	0.01148	0.0136	0.01335	0.01234	0.01218	0.01397	0.01308	0.01392	0.01214	0.01263	0.0124	0.01344	0.01332	0.01309	0.01367	0.01068	0.014	0.01461	0.01188	0.01265	0.01269	0.01318	0.0125	0.01308	0.01094	0.01228	0.01212	0.01323	0.01369	0.01234
round_worm	0.01393	0.01344	0.01376	0.01322	0.01355	0.01387	0.01368	0.0136	0.01321	0.01337	0.01365	0.01412	0.0131	0.01352	0.01314	0.01313	0.01277	0.01367	0.013	0.01301	0.01359	0.01158	0.01347	0.01426	0.01347	0.01376	0.01367	0.01351	0.01356	0.01346	0.0134	0.01399	0.01322	0.01328	0.01384	0.01295	0.01238	0.01331	0.01183	0.0133	0.01328	0.01259	0.0128	0.01343	0.01354	0.01334	0.01404	0.01345	0.01337	0.01315	0.01286	0.01388	0.01359	0.01368	0.01386	0.01335	0.01447	0.01358	0.01401	0.01361	0.0138	0.01367	0.01421	0.01406	0.01351	0.01381	0.01289	0.01236	0.01401	0.01373	0.01377	0.01413	0.01354	0.01333	0.01377	0.01299	0.01442	0.01339	0.01277	0.01296	0.01361	0.01293	0.01261	0.01304	0.0139	0.01312	0.0128	0.01289	0.01361	0.01345	0.01383	0.01355	0.01366	0.01316	0.0137	0.01365	0.0132	0.01343	0.01375	0.01377	0.01379	0.01374	0.01341	0.01263	0.01365	0.01365	0.01361	0.01314	0.01266	0.01341	0.01335	0.01468	0.01396	0.01377	0.01217	0.01282	0.01384	0.01418	0.01344	0.01357	0.01311	0.01262	0.01421	0.01371	0.01369	0.01384	0.01344	0.0137	0.01347	0.01254	0.01396	0.01403	0.01348	0.01369	0.01382	0.01373	0.01431	0.01328	0.01392	0.01371	0.01402	0.01412	0.01334	0.01343	0.01357	0.01349	0.01424	0.01349	0.01373	0.01325	0.01354	0.01407	0.01347	0.01425	0.0142	0.01395	0.01338	0.01318	0.01364	0.01402	0.01312	0.0128	0.01294	0.01277	0.01383	0.01404	0.01368	0.01325	0.01245	0.01289	0.01452	0.0133	0.01365	0.01395	0.01326	0.01289	0.01296	0.01418	0.01376	0.01384	0.01349	0.01316	0.01439	0.01425	0.0	0.01223	0.01323	0.01385	0.01314	0.01287	0.01381	0.01346	0.0134	0.01303	0.01411	0.01336	0.01357	0.01361	0.0129	0.01429	0.0128	0.01354	0.01397	0.01482	0.01368	0.01362	0.01384	0.01302	0.01319	0.01338	0.01391	0.01301	0.01299	0.01396	0.01386	0.01348	0.01431	0.01452	0.0139	0.01281	0.01368	0.01354	0.01377	0.0132	0.01257	0.01362	0.01298	0.01428	0.01358	0.01361	0.01333	0.01367	0.01401	0.01334	0.01362	0.0144	0.01285	0.01334	0.01445	0.01332
salamander	0.01272	0.01194	0.01189	0.01141	0.01226	0.01271	0.01151	0.01163	0.01205	0.01201	0.01138	0.0115	0.01198	0.01252	0.0127	0.01098	0.01069	0.01297	0.01141	0.01131	0.01268	0.01277	0.01112	0.01316	0.01333	0.01376	0.01357	0.01217	0.01275	0.01128	0.01241	0.01271	0.01299	0.0124	0.01276	0.01302	0.01239	0.01284	0.01125	0.01138	0.01163	0.01311	0.01318	0.01352	0.01281	0.01146	0.01208	0.01387	0.01034	0.01033	0.01319	0.01134	0.01248	0.01231	0.01347	0.01274	0.0123	0.01149	0.01185	0.01254	0.01183	0.01073	0.01341	0.01289	0.01083	0.01253	0.01216	0.01141	0.01238	0.01212	0.01359	0.01296	0.01136	0.01267	0.01249	0.01154	0.01323	0.01277	0.01178	0.01325	0.01357	0.01182	0.00912	0.01223	0.01307	0.01225	0.01176	0.00984	0.01262	0.01341	0.01214	0.01118	0.01208	0.01281	0.01298	0.01253	0.01079	0.01205	0.01263	0.01341	0.01123	0.01232	0.012	0.00999	0.01228	0.01294	0.0135	0.01225	0.01102	0.01305	0.01238	0.01333	0.01097	0.01269	0.01012	0.01151	0.01202	0.01279	0.01194	0.01217	0.01143	0.01199	0.01327	0.01407	0.01321	0.01215	0.01204	0.01269	0.01181	0.01199	0.01171	0.01155	0.00987	0.0112	0.01323	0.01152	0.01274	0.01222	0.01344	0.0132	0.01276	0.01382	0.01104	0.01126	0.01283	0.00953	0.01114	0.01201	0.01123	0.01313	0.01258	0.01331	0.01145	0.01279	0.01281	0.01324	0.01273	0.00994	0.01149	0.01396	0.012	0.01315	0.01198	0.01264	0.01053	0.0126	0.0119	0.00968	0.01142	0.01148	0.01283	0.01268	0.01172	0.01239	0.01013	0.01176	0.01085	0.01321	0.01265	0.01188	0.00982	0.01145	0.01363	0.01195	0.01223	0.0	0.01306	0.01237	0.01129	0.01182	0.01223	0.0125	0.01231	0.01108	0.01355	0.01327	0.01192	0.01249	0.01228	0.01343	0.01325	0.01109	0.01177	0.01387	0.01123	0.01108	0.01177	0.01258	0.01207	0.0124	0.01189	0.01207	0.01245	0.01219	0.01262	0.01404	0.01307	0.01346	0.01159	0.00991	0.01195	0.01223	0.01216	0.01238	0.01212	0.0117	0.01314	0.01472	0.01229	0.01185	0.01129	0.01172	0.01211	0.0121	0.0111	0.01175	0.01083	0.013	0.01329	0.01169
salmon	0.01237	0.01161	0.01217	0.01221	0.01336	0.01239	0.01227	0.0127	0.01245	0.01358	0.01209	0.01282	0.01166	0.01401	0.0135	0.01173	0.01183	0.01381	0.01328	0.01225	0.01369	0.01214	0.01178	0.01339	0.01228	0.01445	0.01516	0.01347	0.01303	0.013	0.01417	0.01351	0.01211	0.01229	0.01353	0.01143	0.01206	0.01001	0.0116	0.01249	0.01266	0.01237	0.01318	0.01241	0.01282	0.013	0.01239	0.01112	0.01227	0.01304	0.0109	0.0134	0.014	0.01333	0.01268	0.01282	0.01353	0.01319	0.01359	0.01356	0.01378	0.01367	0.01358	0.01298	0.01352	0.01234	0.01338	0.01053	0.01283	0.01362	0.01374	0.01419	0.01223	0.01158	0.0134	0.01329	0.01389	0.01417	0.01125	0.01292	0.01364	0.01177	0.0136	0.01054	0.01283	0.01335	0.01253	0.01228	0.01203	0.01252	0.0127	0.01252	0.01304	0.01245	0.01289	0.01118	0.01297	0.01392	0.01248	0.01363	0.01324	0.01339	0.01361	0.01234	0.01248	0.01437	0.01444	0.01341	0.01128	0.01273	0.01205	0.01412	0.01342	0.01341	0.01346	0.01285	0.01364	0.01276	0.01394	0.0125	0.01148	0.01207	0.01263	0.01453	0.01338	0.01397	0.01279	0.01326	0.0132	0.01294	0.01261	0.01339	0.01283	0.0135	0.01362	0.01331	0.01327	0.01184	0.01399	0.01184	0.01252	0.01191	0.01287	0.01281	0.01342	0.01381	0.01312	0.01286	0.01273	0.01281	0.0125	0.01326	0.01379	0.01258	0.01408	0.01092	0.01337	0.0135	0.01247	0.01316	0.01266	0.01135	0.01323	0.01048	0.01355	0.01422	0.01319	0.01262	0.01289	0.01159	0.01396	0.01359	0.01292	0.01348	0.01279	0.0129	0.01356	0.01451	0.01273	0.01258	0.01322	0.01209	0.01454	0.01323	0.01323	0.01306	0.0	0.01366	0.01332	0.01151	0.01281	0.01069	0.01215	0.01232	0.01342	0.01073	0.01233	0.01286	0.01097	0.01389	0.01288	0.01351	0.01351	0.01332	0.01239	0.01272	0.01309	0.0111	0.01266	0.01246	0.01404	0.0142	0.01344	0.01274	0.01329	0.01224	0.01363	0.01409	0.01381	0.01263	0.01398	0.01268	0.013	0.01093	0.01106	0.0138	0.0108	0.01332	0.01222	0.01258	0.01218	0.01284	0.01378	0.01143	0.01302	0.01407	0.0123	0.01384	0.01354	0.01336
saurian	0.01188	0.01337	0.01289	0.01186	0.01323	0.01123	0.0128	0.01327	0.01184	0.01261	0.01267	0.01264	0.01318	0.01199	0.01232	0.01245	0.01351	0.01314	0.01365	0.01234	0.01097	0.01323	0.01275	0.01389	0.01354	0.0124	0.01352	0.01198	0.01165	0.01241	0.01312	0.01343	0.01296	0.01228	0.0127	0.01345	0.01332	0.0137	0.01292	0.01273	0.01267	0.01318	0.014	0.01383	0.01323	0.0115	0.01292	0.01371	0.01286	0.01312	0.01356	0.01241	0.01087	0.01182	0.01219	0.01297	0.01284	0.01256	0.01293	0.01312	0.01281	0.01228	0.01164	0.01261	0.01169	0.01277	0.01292	0.01335	0.01348	0.01251	0.01328	0.01105	0.01206	0.01337	0.0119	0.01309	0.01258	0.01186	0.01285	0.01396	0.01364	0.01293	0.01303	0.0129	0.01325	0.01303	0.01245	0.01183	0.01224	0.0139	0.01225	0.01286	0.01204	0.01226	0.01347	0.01241	0.01157	0.01231	0.01291	0.01273	0.01232	0.01242	0.01294	0.01258	0.01172	0.01192	0.01256	0.01287	0.01261	0.01168	0.01289	0.01242	0.01254	0.01319	0.01326	0.01297	0.01055	0.00931	0.0123	0.01326	0.0129	0.01273	0.01221	0.01255	0.01261	0.01092	0.01283	0.01324	0.01258	0.01292	0.01243	0.0106	0.0124	0.01212	0.01276	0.01265	0.01284	0.01318	0.01329	0.01343	0.01347	0.01283	0.01301	0.01144	0.01204	0.01213	0.01173	0.01248	0.01041	0.01333	0.01255	0.01243	0.01239	0.01212	0.0133	0.01296	0.01212	0.01216	0.01204	0.0124	0.01246	0.01317	0.01308	0.01333	0.01162	0.01301	0.01252	0.01131	0.01211	0.01259	0.01202	0.01354	0.01185	0.01242	0.01315	0.01175	0.01133	0.01347	0.01265	0.01014	0.01156	0.01189	0.01339	0.01223	0.01385	0.01237	0.01366	0.0	0.01299	0.01306	0.0109	0.01372	0.01212	0.01218	0.01348	0.01344	0.01235	0.01331	0.01325	0.0114	0.01334	0.01225	0.01289	0.014	0.01348	0.01259	0.01162	0.01325	0.01211	0.01315	0.01303	0.01352	0.01225	0.01208	0.01233	0.01306	0.01183	0.01252	0.01265	0.01278	0.013	0.01371	0.01327	0.01216	0.01304	0.01338	0.01305	0.01395	0.01229	0.01289	0.01306	0.01217	0.01189	0.01386	0.01297	0.01269	0.01243	0.01213	0.01301	0.01102
sawfish	0.01294	0.01176	0.0109	0.01208	0.01376	0.01198	0.01205	0.01289	0.01348	0.01233	0.01173	0.01246	0.0126	0.01385	0.01254	0.01103	0.01254	0.01362	0.01168	0.01174	0.01312	0.01273	0.01113	0.01325	0.01293	0.0139	0.01401	0.01211	0.01192	0.01094	0.01337	0.01354	0.0139	0.01299	0.01235	0.01311	0.01158	0.01276	0.01207	0.01129	0.01357	0.01283	0.01318	0.01422	0.01244	0.01099	0.01249	0.01363	0.01116	0.01184	0.01338	0.01268	0.01339	0.01312	0.01291	0.01295	0.013	0.01214	0.01226	0.01349	0.01085	0.01145	0.01386	0.01311	0.0121	0.01315	0.01178	0.01159	0.01373	0.0134	0.01322	0.01308	0.0128	0.01248	0.01341	0.01253	0.01314	0.01365	0.01178	0.01329	0.01346	0.01251	0.01149	0.01297	0.01391	0.01354	0.01259	0.01053	0.0137	0.01399	0.01226	0.01238	0.01353	0.01384	0.01349	0.01216	0.01251	0.01333	0.0112	0.01402	0.01158	0.01323	0.0125	0.01147	0.01252	0.01253	0.0141	0.01099	0.01277	0.01318	0.01268	0.01325	0.01217	0.01239	0.01145	0.0128	0.01197	0.01327	0.01153	0.01263	0.01172	0.0099	0.01339	0.01458	0.01357	0.01245	0.01364	0.01318	0.01114	0.01372	0.01232	0.01192	0.01202	0.01205	0.01356	0.01167	0.01392	0.01272	0.01367	0.01349	0.01274	0.01344	0.01138	0.01246	0.01383	0.0111	0.0127	0.01259	0.0107	0.01369	0.01349	0.01318	0.01228	0.01347	0.01291	0.01351	0.01274	0.0118	0.01338	0.01386	0.01096	0.0137	0.01224	0.01292	0.01243	0.01362	0.01269	0.0119	0.01323	0.01199	0.01367	0.01252	0.0125	0.01325	0.0109	0.01182	0.01194	0.01348	0.01279	0.01278	0.01185	0.01288	0.0141	0.01283	0.01314	0.01129	0.01332	0.01299	0.0	0.01189	0.01195	0.01202	0.01264	0.01167	0.01393	0.01408	0.01261	0.01297	0.01221	0.01229	0.01272	0.01213	0.01317	0.01334	0.01206	0.01306	0.01267	0.01284	0.0116	0.01288	0.01252	0.01172	0.01179	0.0136	0.01293	0.01372	0.01347	0.01389	0.01205	0.0102	0.01294	0.01206	0.01335	0.0129	0.01191	0.01272	0.0136	0.0149	0.01341	0.01284	0.01114	0.012	0.01297	0.01231	0.01254	0.01265	0.01199	0.01346	0.01435	0.01287
scallop	0.01143	0.00991	0.01133	0.01141	0.01159	0.01211	0.01131	0.01161	0.01189	0.01128	0.01013	0.01264	0.01142	0.01326	0.01291	0.01187	0.012	0.0137	0.01087	0.01121	0.01337	0.01307	0.01081	0.01295	0.01185	0.01387	0.01457	0.01259	0.01269	0.01239	0.01345	0.01399	0.01188	0.01126	0.01282	0.00992	0.01119	0.01055	0.01158	0.01073	0.0126	0.01173	0.01352	0.01282	0.01238	0.01223	0.01097	0.0116	0.012	0.01252	0.01151	0.00979	0.01358	0.0131	0.01215	0.01215	0.01296	0.01267	0.01254	0.01171	0.01305	0.01158	0.0133	0.01304	0.01255	0.01205	0.01199	0.01132	0.01291	0.01247	0.01339	0.01326	0.01168	0.01252	0.01221	0.01248	0.01331	0.0133	0.01172	0.01299	0.01325	0.01081	0.01207	0.01122	0.01332	0.01295	0.01189	0.01225	0.0128	0.01284	0.0135	0.01075	0.01276	0.01218	0.01293	0.01113	0.01259	0.01346	0.01104	0.01357	0.0128	0.01295	0.01149	0.01197	0.01195	0.0133	0.01406	0.01144	0.01191	0.01299	0.01031	0.0125	0.01158	0.01283	0.01155	0.01173	0.01335	0.01337	0.01333	0.01154	0.01149	0.0115	0.01228	0.01485	0.01214	0.01335	0.01168	0.01358	0.01144	0.01249	0.01169	0.01234	0.01219	0.01235	0.01387	0.0127	0.01336	0.0125	0.01393	0.01303	0.01305	0.01295	0.01148	0.01212	0.0131	0.01218	0.0122	0.01144	0.01249	0.01242	0.01274	0.01308	0.01206	0.01228	0.01267	0.01217	0.0123	0.01209	0.01282	0.01351	0.01208	0.01202	0.01134	0.00786	0.01216	0.01314	0.01295	0.01191	0.01197	0.0112	0.01281	0.01285	0.01088	0.01295	0.01194	0.01232	0.01261	0.01407	0.01186	0.01286	0.01208	0.01163	0.01425	0.01305	0.01287	0.01182	0.01151	0.01306	0.01189	0.0	0.01248	0.01053	0.00982	0.01191	0.01288	0.01265	0.01076	0.01267	0.01163	0.01354	0.01321	0.01253	0.01292	0.01309	0.01269	0.01191	0.01261	0.01122	0.01284	0.00829	0.01285	0.01271	0.01364	0.01244	0.01292	0.01247	0.01359	0.01374	0.01178	0.01162	0.01245	0.01111	0.01376	0.01083	0.01245	0.01269	0.01044	0.01426	0.0121	0.00901	0.01057	0.01257	0.01272	0.0084	0.01238	0.01158	0.01149	0.01358	0.01332	0.01277
scorpion	0.01175	0.01209	0.01177	0.01218	0.01283	0.01151	0.01134	0.01277	0.01285	0.0124	0.01154	0.01237	0.0129	0.01292	0.01261	0.01085	0.01227	0.01332	0.01242	0.01205	0.0118	0.01352	0.01126	0.01374	0.013	0.01344	0.01373	0.01174	0.01237	0.01115	0.01339	0.01247	0.01335	0.01204	0.01304	0.01289	0.01254	0.01282	0.0125	0.01168	0.01231	0.01333	0.01358	0.0135	0.01331	0.01078	0.01185	0.01405	0.01223	0.01262	0.01307	0.01195	0.0118	0.01232	0.01281	0.0123	0.01274	0.01206	0.01293	0.01188	0.01184	0.0115	0.01247	0.01274	0.01215	0.0124	0.01256	0.01243	0.01344	0.01271	0.01369	0.0118	0.01088	0.01294	0.0116	0.01208	0.01329	0.01253	0.01272	0.01376	0.013	0.01235	0.01329	0.0128	0.01326	0.01231	0.01225	0.01142	0.01198	0.01432	0.01218	0.01132	0.01209	0.01242	0.01306	0.01234	0.01131	0.01326	0.01272	0.01297	0.01191	0.01255	0.01244	0.01222	0.01125	0.01259	0.01359	0.01168	0.01188	0.0117	0.01265	0.01323	0.01153	0.01286	0.01221	0.01283	0.01199	0.0115	0.01205	0.01317	0.01253	0.01264	0.01282	0.01387	0.01238	0.01155	0.01261	0.01347	0.01186	0.01338	0.01164	0.01195	0.0119	0.01193	0.01291	0.01264	0.01294	0.01313	0.01335	0.01229	0.01299	0.01302	0.01111	0.01136	0.01289	0.01147	0.01154	0.01221	0.01043	0.01237	0.01166	0.01229	0.01254	0.01218	0.01267	0.01238	0.01213	0.01211	0.01216	0.01324	0.01246	0.01348	0.01249	0.01241	0.01171	0.01335	0.01204	0.01121	0.01251	0.01207	0.01271	0.013	0.01117	0.01261	0.01222	0.01222	0.01158	0.01407	0.01167	0.01126	0.01194	0.01178	0.01356	0.01246	0.01381	0.01223	0.01281	0.0109	0.01195	0.01248	0.0	0.01243	0.0121	0.01216	0.01397	0.01327	0.01147	0.01336	0.01247	0.0127	0.01287	0.01245	0.0123	0.01426	0.01253	0.01242	0.0113	0.01342	0.01197	0.01241	0.01249	0.01296	0.01251	0.01103	0.01264	0.01274	0.01205	0.01366	0.01219	0.01171	0.01223	0.01259	0.01261	0.01186	0.01263	0.01224	0.01292	0.01306	0.01186	0.01197	0.01151	0.01221	0.01267	0.01239	0.01169	0.0123	0.0109	0.01233	0.01316	0.01246
sea_cow	0.01226	0.00845	0.0103	0.01162	0.01285	0.0121	0.01147	0.01227	0.01297	0.01274	0.01072	0.01263	0.01028	0.01397	0.01315	0.01205	0.01191	0.01348	0.01211	0.01209	0.01367	0.01284	0.01166	0.01314	0.01257	0.0146	0.01486	0.01306	0.01215	0.01176	0.01418	0.01359	0.01228	0.01285	0.013	0.01111	0.01117	0.00948	0.01169	0.01131	0.01322	0.01163	0.01253	0.01246	0.01225	0.01117	0.0118	0.01	0.0118	0.0123	0.0105	0.01236	0.01384	0.01318	0.01261	0.0135	0.013	0.01215	0.01241	0.01329	0.01245	0.0127	0.01338	0.0129	0.01372	0.01303	0.01177	0.01045	0.01328	0.0135	0.01368	0.01416	0.0118	0.01226	0.01298	0.01303	0.0134	0.01436	0.0125	0.01172	0.01373	0.01202	0.01253	0.011	0.01396	0.01307	0.01179	0.01185	0.01293	0.01204	0.01314	0.01225	0.01337	0.01311	0.01283	0.01051	0.01285	0.0136	0.0103	0.01388	0.01218	0.01315	0.01238	0.0121	0.01221	0.01421	0.01454	0.01199	0.01165	0.01316	0.0115	0.01242	0.01238	0.01286	0.01243	0.01334	0.01377	0.01388	0.01265	0.01115	0.01059	0.01048	0.01349	0.01452	0.01325	0.01362	0.01348	0.01357	0.01202	0.01282	0.0113	0.01344	0.0122	0.01244	0.0129	0.01172	0.01326	0.01274	0.01405	0.01263	0.01268	0.01187	0.01176	0.01276	0.01426	0.01262	0.01215	0.01219	0.01231	0.01217	0.01258	0.01315	0.01255	0.01259	0.01323	0.01146	0.01357	0.01244	0.01276	0.01413	0.01187	0.01237	0.01215	0.01011	0.01269	0.01392	0.0126	0.01253	0.01323	0.01044	0.01401	0.01266	0.01273	0.01348	0.01212	0.01277	0.01339	0.01402	0.01155	0.01306	0.01286	0.01245	0.01479	0.01333	0.01346	0.0125	0.01069	0.01372	0.01202	0.01053	0.01243	0.0	0.01109	0.012	0.01282	0.01168	0.01139	0.01162	0.01093	0.01336	0.01248	0.01308	0.01285	0.01187	0.01195	0.01258	0.01325	0.00948	0.01241	0.01098	0.01314	0.01207	0.01365	0.01284	0.01266	0.01203	0.01371	0.01368	0.01264	0.01119	0.01344	0.01036	0.01343	0.01093	0.01123	0.01313	0.01102	0.01403	0.01244	0.01109	0.01116	0.01228	0.01361	0.0099	0.01254	0.01216	0.01177	0.01344	0.01408	0.01337
sea_lion	0.01073	0.01091	0.0113	0.01024	0.01251	0.01163	0.01171	0.01195	0.01146	0.01258	0.00951	0.0128	0.0113	0.01319	0.01333	0.01178	0.01265	0.01301	0.01171	0.01095	0.01259	0.01361	0.01046	0.01262	0.01255	0.01352	0.01441	0.01295	0.01302	0.01179	0.01336	0.01328	0.01191	0.01224	0.01324	0.01145	0.01283	0.01069	0.01276	0.01108	0.0125	0.01153	0.01418	0.01323	0.01288	0.01236	0.01094	0.01158	0.01164	0.01299	0.01216	0.01064	0.01324	0.01276	0.01148	0.01241	0.01264	0.01301	0.01189	0.01189	0.01323	0.01162	0.01198	0.01217	0.01267	0.01208	0.0133	0.01151	0.01315	0.01308	0.01301	0.01292	0.01136	0.0131	0.0107	0.01271	0.01282	0.01271	0.01198	0.01287	0.01318	0.01181	0.01241	0.01141	0.01324	0.01332	0.01136	0.01167	0.01239	0.01244	0.01313	0.01157	0.01234	0.01241	0.0127	0.01102	0.01254	0.01312	0.01153	0.01333	0.01259	0.01254	0.01246	0.0121	0.01206	0.01277	0.01352	0.01278	0.01262	0.01252	0.01029	0.01187	0.01076	0.01307	0.01221	0.0131	0.0118	0.01214	0.01307	0.0108	0.01141	0.01259	0.01234	0.01441	0.01208	0.01203	0.01288	0.014	0.01206	0.01251	0.0119	0.01077	0.01184	0.0121	0.01388	0.01276	0.01282	0.01286	0.0131	0.0133	0.01253	0.01289	0.01195	0.01193	0.01307	0.01093	0.0119	0.01086	0.01181	0.01228	0.01266	0.01176	0.0123	0.01125	0.01218	0.01274	0.01308	0.01215	0.01174	0.01301	0.01133	0.01297	0.0116	0.01001	0.01153	0.01223	0.01266	0.01166	0.01334	0.01117	0.01235	0.01275	0.01186	0.0122	0.01194	0.01197	0.01288	0.01365	0.0121	0.012	0.01189	0.01133	0.01381	0.01286	0.0134	0.01231	0.01215	0.01212	0.01264	0.00982	0.0121	0.01109	0.0	0.01153	0.01231	0.01256	0.01114	0.01241	0.01163	0.01257	0.01287	0.01283	0.01259	0.01324	0.01217	0.01252	0.01141	0.01191	0.01287	0.00935	0.01259	0.01366	0.01343	0.01191	0.01222	0.01203	0.0123	0.01277	0.01149	0.01223	0.0127	0.01102	0.01357	0.01125	0.01249	0.01264	0.01152	0.01454	0.01153	0.00896	0.01177	0.01347	0.01303	0.01062	0.01222	0.0114	0.01183	0.01325	0.01372	0.0125
sea_snake	0.01212	0.01279	0.01203	0.01167	0.01253	0.0121	0.01105	0.01109	0.01208	0.01265	0.01191	0.0123	0.01256	0.01322	0.01303	0.01179	0.01025	0.01323	0.01168	0.01219	0.01231	0.01279	0.01128	0.01291	0.01187	0.01363	0.01396	0.01275	0.01257	0.01088	0.01266	0.01333	0.01371	0.01162	0.01278	0.01263	0.01186	0.01196	0.01249	0.01181	0.01229	0.01238	0.01317	0.01414	0.01249	0.01154	0.01093	0.01354	0.01192	0.0121	0.01337	0.01208	0.01293	0.01241	0.01247	0.01137	0.01255	0.01317	0.01232	0.01156	0.01232	0.01163	0.01334	0.01328	0.01181	0.01124	0.01224	0.01135	0.01234	0.0133	0.01307	0.01268	0.0114	0.01237	0.01273	0.01264	0.0136	0.01301	0.01197	0.0138	0.0134	0.01058	0.01169	0.01199	0.01267	0.0128	0.01149	0.01105	0.01203	0.01397	0.01223	0.01071	0.01304	0.01223	0.01341	0.01222	0.01168	0.01274	0.01213	0.01311	0.0117	0.01177	0.01194	0.01141	0.01209	0.01234	0.01419	0.0121	0.01105	0.01146	0.01174	0.01288	0.01137	0.01332	0.01205	0.01255	0.01243	0.01274	0.01235	0.01228	0.01265	0.01111	0.01226	0.01408	0.01293	0.01233	0.01256	0.01341	0.01155	0.01265	0.01141	0.01174	0.01206	0.01177	0.01342	0.01252	0.01269	0.01255	0.01419	0.01218	0.01321	0.01264	0.01055	0.01149	0.01293	0.01147	0.01247	0.01187	0.01161	0.0123	0.01221	0.01271	0.01185	0.01246	0.01307	0.01309	0.01211	0.01176	0.01219	0.01421	0.01222	0.01322	0.01171	0.01252	0.01167	0.01257	0.01233	0.01093	0.01207	0.01254	0.01243	0.01194	0.01193	0.01256	0.01061	0.0122	0.01215	0.01396	0.01185	0.01202	0.01158	0.01098	0.01394	0.01285	0.01303	0.01108	0.01232	0.01218	0.01167	0.01191	0.01216	0.012	0.01153	0.0	0.01333	0.01286	0.01223	0.01258	0.01212	0.01287	0.01279	0.01218	0.01219	0.01365	0.0114	0.01203	0.0122	0.01292	0.0123	0.01178	0.01222	0.01285	0.01199	0.01222	0.01281	0.01212	0.01346	0.01336	0.01195	0.01176	0.0123	0.01277	0.01291	0.01112	0.01143	0.0128	0.0132	0.0142	0.01242	0.01259	0.01127	0.01251	0.01313	0.01224	0.01208	0.01236	0.01092	0.013	0.0134	0.01177
seal	0.01288	0.01292	0.01297	0.01239	0.01301	0.01329	0.01305	0.01393	0.01309	0.01338	0.01263	0.01323	0.01374	0.01321	0.01415	0.01352	0.01361	0.01472	0.01406	0.01309	0.01369	0.01399	0.01343	0.01353	0.01384	0.01415	0.01445	0.0139	0.01352	0.0136	0.01375	0.01399	0.01305	0.01332	0.01388	0.01262	0.01341	0.01287	0.01352	0.01343	0.01251	0.01329	0.01417	0.01382	0.01366	0.01331	0.0135	0.01161	0.0135	0.01321	0.0134	0.01269	0.01385	0.01402	0.01337	0.01283	0.01263	0.01422	0.01342	0.01321	0.01361	0.01352	0.01325	0.01364	0.01316	0.01368	0.01411	0.01306	0.01329	0.01358	0.014	0.01347	0.0133	0.01364	0.0135	0.01425	0.01361	0.01389	0.01303	0.01411	0.01455	0.01341	0.01363	0.01368	0.01417	0.01332	0.01331	0.01286	0.01282	0.01326	0.01418	0.01294	0.0135	0.01299	0.01432	0.01346	0.01373	0.01403	0.01314	0.01355	0.01388	0.01369	0.01332	0.01344	0.01372	0.01381	0.01444	0.01331	0.01351	0.01349	0.01214	0.01364	0.01257	0.01391	0.01421	0.01387	0.01333	0.01242	0.01428	0.01343	0.01282	0.01335	0.01343	0.01404	0.01357	0.01328	0.01335	0.01457	0.01345	0.01315	0.01265	0.01329	0.01308	0.01355	0.01415	0.01323	0.01354	0.01367	0.01382	0.01429	0.01371	0.01298	0.01331	0.013	0.01327	0.01327	0.01305	0.01344	0.01259	0.01334	0.01337	0.01348	0.01373	0.01277	0.01395	0.0138	0.01314	0.01312	0.01323	0.01386	0.01376	0.01376	0.01384	0.01277	0.01343	0.01396	0.01347	0.01301	0.01342	0.01305	0.01369	0.01374	0.01297	0.01328	0.01373	0.01284	0.01365	0.0148	0.01308	0.01351	0.01373	0.01277	0.01467	0.01373	0.01411	0.01355	0.01342	0.01348	0.01393	0.01288	0.01397	0.01282	0.01231	0.01333	0.0	0.01364	0.01274	0.0133	0.01339	0.01357	0.01335	0.01382	0.01397	0.01249	0.01335	0.01366	0.01233	0.01319	0.01344	0.01243	0.01356	0.01412	0.0141	0.01396	0.01347	0.01284	0.01363	0.01395	0.01331	0.01368	0.01414	0.01324	0.01408	0.0133	0.01339	0.01316	0.01266	0.01409	0.01363	0.01227	0.01338	0.01312	0.01391	0.01241	0.01347	0.01346	0.0134	0.01383	0.014	0.01295
shark	0.01337	0.01219	0.0125	0.01237	0.01334	0.0128	0.01222	0.01304	0.01218	0.01312	0.01255	0.0133	0.01162	0.01288	0.01379	0.01336	0.01338	0.01387	0.01282	0.01254	0.01378	0.01324	0.01244	0.01391	0.01337	0.01371	0.01484	0.01402	0.01359	0.0132	0.01397	0.01408	0.01073	0.01202	0.01393	0.0123	0.01308	0.01197	0.01251	0.0128	0.01203	0.01239	0.01264	0.01284	0.01311	0.0135	0.01343	0.01261	0.01269	0.01382	0.01187	0.01308	0.01348	0.01351	0.01369	0.01318	0.01361	0.01277	0.01362	0.01329	0.014	0.01362	0.01398	0.01305	0.0139	0.01372	0.01283	0.01234	0.0141	0.01303	0.01382	0.01467	0.01289	0.0127	0.0135	0.01329	0.01391	0.01367	0.01248	0.01298	0.01419	0.01302	0.0139	0.01023	0.01292	0.0131	0.01335	0.01241	0.01169	0.01256	0.01395	0.01263	0.013	0.0126	0.01315	0.01246	0.01307	0.01333	0.01317	0.01447	0.01328	0.01408	0.01351	0.01254	0.01326	0.01435	0.01409	0.01379	0.012	0.01383	0.0132	0.01389	0.01293	0.01372	0.01354	0.01358	0.01386	0.01314	0.01394	0.01153	0.01211	0.01252	0.01293	0.01453	0.01276	0.01414	0.01301	0.01409	0.01383	0.01239	0.01314	0.01304	0.01263	0.01367	0.01372	0.01316	0.01356	0.0128	0.01465	0.01313	0.01364	0.01289	0.0133	0.01329	0.01279	0.01349	0.01271	0.01357	0.01335	0.01316	0.01306	0.01348	0.01408	0.01338	0.01435	0.01072	0.01248	0.01282	0.01271	0.01277	0.01332	0.00983	0.01353	0.01266	0.01361	0.01413	0.01304	0.01294	0.01297	0.01209	0.0145	0.01329	0.01296	0.01427	0.01311	0.01329	0.01337	0.01458	0.01257	0.01356	0.0137	0.01305	0.0148	0.0134	0.01336	0.01327	0.01073	0.01344	0.01408	0.01265	0.01327	0.01168	0.01256	0.01286	0.01364	0.0	0.01289	0.01301	0.01116	0.0141	0.01266	0.01302	0.01374	0.01407	0.01371	0.01367	0.0137	0.01128	0.01314	0.01279	0.01422	0.01367	0.01369	0.01257	0.01361	0.01293	0.01363	0.01383	0.01325	0.01289	0.01389	0.01254	0.01303	0.0123	0.01273	0.01321	0.01151	0.01347	0.01333	0.01305	0.01308	0.01262	0.01387	0.01284	0.01341	0.0136	0.01271	0.01379	0.01341	0.01275
sheep	0.01132	0.01088	0.01123	0.01157	0.0106	0.01187	0.01177	0.01261	0.01156	0.01163	0.01119	0.01269	0.01186	0.01248	0.01269	0.0122	0.01281	0.01336	0.01195	0.01148	0.01257	0.01353	0.01129	0.01364	0.01277	0.01361	0.01466	0.01249	0.01217	0.01262	0.01303	0.01344	0.01198	0.01194	0.01286	0.01167	0.01289	0.0124	0.01211	0.01147	0.01243	0.01267	0.01377	0.01251	0.01334	0.01254	0.01175	0.01198	0.01209	0.01261	0.01182	0.01002	0.01297	0.01279	0.0126	0.01241	0.01195	0.01224	0.01245	0.01265	0.0131	0.01164	0.01299	0.01313	0.01211	0.01223	0.01282	0.01236	0.01241	0.01178	0.01377	0.01291	0.01166	0.01315	0.0124	0.01207	0.013	0.01311	0.01278	0.01333	0.01241	0.01171	0.01236	0.01211	0.01329	0.01235	0.01237	0.01203	0.01244	0.01274	0.01268	0.01157	0.01144	0.01204	0.01236	0.01183	0.01076	0.013	0.01209	0.0131	0.01186	0.01212	0.01216	0.012	0.01161	0.01289	0.01357	0.01198	0.012	0.01232	0.01124	0.01258	0.01139	0.01262	0.01206	0.01187	0.01298	0.01261	0.01253	0.01174	0.01154	0.01318	0.01235	0.01447	0.01212	0.01265	0.01236	0.01293	0.01215	0.01193	0.01182	0.01174	0.01101	0.012	0.01336	0.01206	0.01284	0.01315	0.01317	0.0136	0.01284	0.01331	0.01161	0.01163	0.0131	0.01116	0.01125	0.0126	0.01226	0.01342	0.01204	0.01254	0.01216	0.01217	0.01226	0.01254	0.01228	0.01155	0.01229	0.01355	0.01218	0.01251	0.01241	0.01145	0.01125	0.01269	0.01201	0.01146	0.01301	0.01081	0.01299	0.01312	0.0109	0.01203	0.01203	0.01212	0.01204	0.01391	0.01187	0.01244	0.01152	0.01163	0.01369	0.01261	0.01357	0.01192	0.01233	0.01235	0.01261	0.01076	0.01147	0.01139	0.01114	0.01223	0.01274	0.01289	0.0	0.0124	0.01244	0.01309	0.01303	0.01204	0.01231	0.01298	0.01276	0.01177	0.01195	0.01182	0.01327	0.01109	0.01242	0.01317	0.01374	0.01201	0.01297	0.01315	0.0127	0.01341	0.0119	0.01184	0.01229	0.012	0.0135	0.01244	0.01326	0.01226	0.01076	0.01453	0.01209	0.00996	0.01144	0.01264	0.01123	0.01081	0.01185	0.01209	0.01172	0.01355	0.01235	0.01159
shell	0.01313	0.01171	0.01183	0.01054	0.01309	0.01171	0.01274	0.01317	0.01246	0.0128	0.01205	0.01316	0.01239	0.01374	0.01288	0.01211	0.01274	0.01336	0.01325	0.01227	0.01296	0.01328	0.01196	0.01317	0.0133	0.0144	0.01439	0.01333	0.0123	0.01293	0.01347	0.01435	0.01321	0.01305	0.0123	0.01264	0.01185	0.01178	0.01215	0.01289	0.01316	0.01213	0.01218	0.01358	0.01275	0.01212	0.01214	0.01147	0.01129	0.01284	0.0131	0.01289	0.01344	0.0125	0.01326	0.01289	0.01264	0.0127	0.01329	0.0133	0.01301	0.0128	0.0127	0.01215	0.01292	0.01337	0.01213	0.01199	0.0137	0.01368	0.01385	0.01408	0.01264	0.01309	0.01245	0.01232	0.01377	0.01384	0.0118	0.01208	0.01375	0.01273	0.01225	0.01177	0.01436	0.01301	0.01267	0.01152	0.013	0.01221	0.013	0.01265	0.01281	0.01313	0.01351	0.01233	0.01305	0.01332	0.01135	0.01413	0.0126	0.01306	0.01265	0.01155	0.01286	0.01347	0.01415	0.01302	0.01282	0.01357	0.01291	0.01337	0.01192	0.01269	0.01294	0.01315	0.01407	0.01305	0.0122	0.01226	0.01072	0.01149	0.01348	0.01405	0.01375	0.01296	0.01351	0.01298	0.0126	0.01269	0.01091	0.01303	0.01221	0.01256	0.0115	0.00976	0.01309	0.01293	0.01348	0.01326	0.0118	0.01254	0.01251	0.01252	0.01347	0.01224	0.01284	0.01184	0.01232	0.01303	0.01275	0.01369	0.01311	0.01352	0.01326	0.01296	0.01383	0.01212	0.01226	0.0138	0.01302	0.01277	0.01342	0.01287	0.01229	0.01317	0.01346	0.01271	0.0131	0.01194	0.01388	0.01328	0.01293	0.01379	0.01242	0.01227	0.01283	0.01392	0.0126	0.01288	0.01259	0.01286	0.01468	0.01375	0.01361	0.01249	0.01286	0.01331	0.01297	0.01267	0.01336	0.01162	0.01241	0.01258	0.0133	0.01301	0.0124	0.0	0.01164	0.01339	0.01298	0.01271	0.01295	0.01052	0.0125	0.01337	0.01306	0.01169	0.01318	0.01311	0.01285	0.01276	0.01374	0.01326	0.01272	0.01274	0.0138	0.01359	0.01272	0.0118	0.01305	0.01081	0.01348	0.01239	0.01234	0.01263	0.01311	0.01408	0.01303	0.01225	0.01218	0.01152	0.0134	0.0129	0.01221	0.01307	0.01284	0.01373	0.01384	0.01307
shrimp	0.01232	0.01056	0.01062	0.01111	0.01333	0.01222	0.01267	0.01297	0.01153	0.01343	0.01047	0.01286	0.01061	0.01284	0.01318	0.01095	0.01224	0.01344	0.01339	0.01022	0.01305	0.01278	0.01067	0.01322	0.01315	0.01364	0.0143	0.01366	0.01287	0.01178	0.01377	0.01377	0.01161	0.01202	0.01299	0.01165	0.0115	0.01048	0.01147	0.01184	0.01277	0.01185	0.01289	0.01249	0.01216	0.01204	0.01283	0.01147	0.01128	0.0124	0.01104	0.01272	0.0135	0.01321	0.01154	0.01226	0.01306	0.01215	0.013	0.01309	0.01279	0.01262	0.01342	0.01237	0.01326	0.01327	0.0121	0.01066	0.01341	0.01307	0.01325	0.01395	0.01206	0.0124	0.01277	0.01269	0.01385	0.01339	0.01139	0.01247	0.01418	0.01187	0.01299	0.00965	0.01372	0.01278	0.01224	0.01031	0.01277	0.01143	0.01264	0.01228	0.01282	0.01208	0.01319	0.01129	0.01243	0.01321	0.0117	0.01386	0.01242	0.01323	0.01262	0.01144	0.01243	0.01368	0.01401	0.01277	0.01161	0.01295	0.01181	0.01313	0.01207	0.01273	0.0127	0.01309	0.01323	0.01267	0.01243	0.0116	0.01009	0.01148	0.01367	0.01435	0.01242	0.01323	0.01332	0.01391	0.01192	0.01201	0.01206	0.01273	0.01199	0.01296	0.01266	0.01184	0.01324	0.01252	0.01419	0.01272	0.01289	0.01258	0.01279	0.01209	0.01266	0.01248	0.01207	0.01119	0.01168	0.01272	0.01264	0.01297	0.01328	0.01234	0.0136	0.01105	0.01294	0.01228	0.01247	0.01281	0.01205	0.01165	0.01323	0.01165	0.01258	0.0133	0.01229	0.01202	0.01281	0.01022	0.01395	0.01285	0.01261	0.01343	0.01244	0.012	0.01291	0.01387	0.01241	0.01306	0.01248	0.01257	0.01448	0.01316	0.0129	0.01228	0.01097	0.01325	0.01221	0.01163	0.01247	0.01093	0.01163	0.01212	0.01339	0.01116	0.01244	0.01164	0.0	0.01355	0.01339	0.01222	0.01307	0.01292	0.01182	0.01292	0.01308	0.01028	0.01159	0.01221	0.01334	0.01271	0.01275	0.01257	0.01294	0.01261	0.01304	0.01331	0.01293	0.01142	0.01384	0.01131	0.01338	0.0111	0.01119	0.01256	0.0112	0.01394	0.01282	0.01202	0.011	0.01209	0.01365	0.01164	0.01214	0.013	0.01191	0.014	0.01376	0.013
sidewinder	0.01268	0.01283	0.01259	0.01319	0.01353	0.01187	0.0133	0.0142	0.01344	0.01317	0.01242	0.0133	0.0138	0.01407	0.01352	0.01273	0.01368	0.01417	0.01409	0.01267	0.01229	0.01306	0.01328	0.01329	0.01327	0.01422	0.01418	0.01201	0.0125	0.01214	0.01271	0.01427	0.01432	0.013	0.01262	0.01386	0.01343	0.01374	0.01397	0.01318	0.01374	0.01308	0.01364	0.01426	0.01364	0.01176	0.01284	0.01406	0.01296	0.01376	0.01389	0.01316	0.01336	0.01317	0.01136	0.01338	0.01361	0.01318	0.0135	0.01378	0.01311	0.0135	0.01329	0.01306	0.0132	0.01267	0.01344	0.01377	0.01428	0.01377	0.01366	0.01204	0.01391	0.01326	0.01255	0.01338	0.01265	0.01344	0.01299	0.01435	0.01339	0.01363	0.01293	0.01355	0.01527	0.01408	0.0132	0.01229	0.01376	0.01416	0.01232	0.01334	0.01386	0.01366	0.01377	0.01197	0.01202	0.01381	0.01268	0.01356	0.01262	0.01336	0.01332	0.01286	0.01272	0.01237	0.01332	0.01316	0.01331	0.01261	0.01312	0.01329	0.01354	0.01346	0.01378	0.01372	0.01238	0.01239	0.013	0.0131	0.01348	0.01223	0.01236	0.01331	0.01341	0.01219	0.01365	0.01364	0.01228	0.01393	0.01305	0.01266	0.0135	0.01268	0.01345	0.01203	0.01363	0.01333	0.01399	0.01404	0.01391	0.01366	0.01363	0.01304	0.01355	0.01277	0.01297	0.01264	0.01118	0.01436	0.01389	0.01364	0.01282	0.01317	0.01396	0.01399	0.01312	0.01294	0.01336	0.01343	0.01186	0.01401	0.01294	0.01377	0.01308	0.0127	0.0133	0.0129	0.01344	0.01343	0.01252	0.01286	0.01256	0.01258	0.01301	0.01166	0.01204	0.01317	0.01342	0.01205	0.01283	0.01306	0.014	0.0135	0.01429	0.01343	0.01389	0.0114	0.01229	0.01354	0.0127	0.01336	0.01257	0.01287	0.01357	0.0141	0.01309	0.01339	0.01355	0.0	0.0129	0.01257	0.01316	0.01356	0.01313	0.01314	0.01332	0.01358	0.01182	0.01332	0.01329	0.01387	0.01153	0.01366	0.0128	0.01377	0.01357	0.01286	0.01281	0.01309	0.01243	0.0132	0.01356	0.01281	0.01299	0.01379	0.01364	0.01472	0.01319	0.01354	0.01312	0.0123	0.01232	0.01389	0.01345	0.01338	0.01323	0.01378	0.01285	0.01292
silkworm	0.01286	0.01265	0.01265	0.01253	0.01313	0.01221	0.0127	0.01371	0.01401	0.01339	0.0132	0.01374	0.0121	0.01444	0.01267	0.01304	0.01354	0.01394	0.0129	0.01285	0.01296	0.01353	0.01261	0.0143	0.01335	0.01453	0.01483	0.01301	0.01215	0.01304	0.01335	0.01328	0.01282	0.01355	0.01151	0.01305	0.01264	0.01319	0.01193	0.01337	0.01326	0.01291	0.01089	0.01359	0.01385	0.01281	0.01309	0.01256	0.01344	0.01363	0.01294	0.01386	0.01359	0.01291	0.01348	0.01369	0.01397	0.01224	0.01369	0.01299	0.01304	0.01345	0.01348	0.01282	0.01376	0.01314	0.01261	0.01325	0.01345	0.01459	0.01377	0.01377	0.01325	0.01304	0.01341	0.01234	0.01311	0.01423	0.01292	0.01162	0.01297	0.01341	0.0132	0.01337	0.01393	0.01181	0.01295	0.01257	0.01244	0.01251	0.01214	0.01272	0.01322	0.01348	0.01393	0.01328	0.0131	0.01409	0.01228	0.01364	0.01306	0.01277	0.01365	0.01306	0.01288	0.01333	0.01479	0.01244	0.01297	0.01301	0.01306	0.01375	0.01281	0.0122	0.01266	0.01411	0.01378	0.01382	0.0123	0.01225	0.01251	0.01184	0.01325	0.01394	0.01405	0.01349	0.01419	0.01318	0.01339	0.01346	0.01263	0.01285	0.01182	0.01333	0.01273	0.01286	0.0132	0.01334	0.01353	0.01348	0.01271	0.01211	0.01298	0.01371	0.01432	0.01277	0.0132	0.01363	0.01216	0.01342	0.01381	0.01304	0.01372	0.01346	0.01323	0.01335	0.01309	0.01275	0.01284	0.01437	0.01305	0.01348	0.01274	0.01291	0.01319	0.01399	0.01357	0.01342	0.01365	0.01273	0.01376	0.01352	0.01377	0.01375	0.01207	0.01355	0.01375	0.01452	0.01211	0.01297	0.01262	0.01257	0.015	0.01356	0.0128	0.01325	0.01288	0.01334	0.01272	0.01321	0.01287	0.01248	0.01287	0.01279	0.01335	0.01266	0.01303	0.01298	0.01339	0.0129	0.0	0.0128	0.01383	0.01363	0.01335	0.01393	0.01365	0.0119	0.01307	0.01276	0.01326	0.01234	0.01367	0.01344	0.0129	0.01198	0.0142	0.0146	0.01313	0.01165	0.01243	0.01242	0.01298	0.01344	0.01329	0.0127	0.01275	0.01332	0.01348	0.01259	0.01381	0.01216	0.0142	0.0128	0.01237	0.01371	0.0129	0.01377	0.0125	0.01365
skunk	0.01238	0.01245	0.0121	0.01172	0.01261	0.01286	0.01196	0.01311	0.01248	0.01251	0.01211	0.01256	0.01225	0.01234	0.01199	0.01196	0.01244	0.01311	0.01209	0.01097	0.01255	0.01318	0.01205	0.01338	0.01332	0.01334	0.01409	0.01206	0.01265	0.01165	0.01249	0.0137	0.01319	0.01213	0.01206	0.01314	0.0127	0.01323	0.01217	0.01109	0.0128	0.01248	0.01275	0.01427	0.01324	0.01161	0.01206	0.0137	0.01157	0.01198	0.01314	0.01167	0.01259	0.01272	0.013	0.01264	0.01205	0.01156	0.01277	0.01298	0.01281	0.01142	0.01313	0.01323	0.01232	0.01265	0.01272	0.0129	0.01207	0.0125	0.0138	0.01324	0.01214	0.01158	0.01251	0.01192	0.01305	0.01295	0.01229	0.01302	0.01381	0.01213	0.01197	0.0128	0.01342	0.01298	0.01221	0.01126	0.01297	0.01326	0.01186	0.0114	0.01224	0.01346	0.01347	0.01244	0.01111	0.01311	0.01227	0.01326	0.01161	0.01244	0.01215	0.01121	0.01184	0.01331	0.01322	0.01267	0.01164	0.01293	0.01265	0.01284	0.01223	0.01163	0.01128	0.01289	0.01225	0.01285	0.01229	0.0121	0.01236	0.01205	0.01281	0.0142	0.01256	0.01239	0.01253	0.0129	0.01147	0.01212	0.01231	0.01162	0.01078	0.0117	0.01319	0.01199	0.01323	0.01223	0.01326	0.01351	0.01343	0.01325	0.01155	0.01231	0.01262	0.01116	0.01159	0.01186	0.01212	0.01338	0.01219	0.01328	0.012	0.01305	0.01311	0.01349	0.01261	0.01093	0.01259	0.01339	0.01247	0.01295	0.0121	0.01345	0.01086	0.01254	0.01178	0.01089	0.01217	0.01211	0.0125	0.01319	0.01163	0.01218	0.01174	0.01156	0.01087	0.01371	0.01269	0.01236	0.01096	0.01259	0.01411	0.01219	0.01354	0.01109	0.01351	0.01225	0.01213	0.01253	0.01245	0.01308	0.01283	0.01218	0.01382	0.01302	0.01204	0.01271	0.01222	0.01257	0.0128	0.0	0.01166	0.01353	0.01256	0.01116	0.0129	0.01265	0.01173	0.01272	0.01211	0.01254	0.01289	0.01225	0.01269	0.01275	0.0136	0.01321	0.01169	0.011	0.0126	0.01233	0.01297	0.01268	0.01237	0.01209	0.01303	0.01425	0.01248	0.01292	0.01148	0.01195	0.01145	0.01307	0.01187	0.01159	0.01111	0.01313	0.01293	0.01169
sloth	0.01283	0.01327	0.01251	0.012	0.0124	0.01256	0.01244	0.01291	0.01265	0.01328	0.01241	0.01278	0.01263	0.01279	0.01283	0.01233	0.01239	0.01269	0.01233	0.01181	0.013	0.01369	0.01179	0.01334	0.01321	0.0139	0.01405	0.01268	0.01303	0.01199	0.01253	0.01305	0.014	0.01231	0.01298	0.01374	0.01388	0.01306	0.01233	0.01175	0.01301	0.01327	0.01412	0.01426	0.01325	0.01214	0.01114	0.01374	0.012	0.01299	0.01345	0.01168	0.01279	0.01256	0.01354	0.01276	0.01193	0.01148	0.01239	0.01219	0.01325	0.01172	0.01317	0.01335	0.01197	0.01228	0.01357	0.01311	0.00896	0.0128	0.01352	0.01291	0.01143	0.01361	0.01176	0.01236	0.01355	0.01294	0.01278	0.01369	0.01286	0.01251	0.01129	0.01302	0.01374	0.01218	0.01166	0.01207	0.0123	0.01362	0.01293	0.01175	0.01174	0.01342	0.01288	0.01245	0.01157	0.01277	0.01256	0.01385	0.01223	0.01224	0.01308	0.01227	0.01212	0.01291	0.01359	0.01347	0.01179	0.01338	0.01265	0.01274	0.01181	0.01187	0.01139	0.01319	0.0126	0.01285	0.01309	0.01105	0.01276	0.01324	0.01315	0.01493	0.01225	0.0126	0.01249	0.01243	0.01251	0.01151	0.01207	0.01264	0.01084	0.01191	0.01396	0.01306	0.01203	0.0133	0.0128	0.01376	0.01278	0.01317	0.01145	0.01235	0.01306	0.0111	0.01131	0.01225	0.01271	0.01251	0.01277	0.01222	0.01132	0.01255	0.01297	0.01397	0.01374	0.01035	0.01246	0.01357	0.01296	0.01359	0.0129	0.01339	0.00908	0.01127	0.01286	0.01152	0.01253	0.01209	0.01275	0.01298	0.01205	0.01224	0.01073	0.0124	0.01164	0.01375	0.01154	0.01309	0.0099	0.01214	0.01356	0.012	0.01397	0.01177	0.01351	0.01289	0.01317	0.01292	0.0123	0.01285	0.01259	0.01219	0.01397	0.01374	0.01231	0.01295	0.01307	0.01316	0.01383	0.01166	0.0	0.01391	0.01298	0.00821	0.01199	0.01303	0.01309	0.0126	0.01164	0.01385	0.01396	0.01239	0.01301	0.01331	0.01261	0.01378	0.01172	0.01167	0.01143	0.01274	0.01318	0.01256	0.01321	0.01186	0.0137	0.01426	0.01179	0.0132	0.01171	0.01283	0.01254	0.01298	0.01131	0.01179	0.01229	0.01362	0.01305	0.01249
slug	0.01304	0.0121	0.01265	0.01188	0.01396	0.01336	0.01299	0.01389	0.0134	0.01318	0.01274	0.01294	0.01314	0.01425	0.01441	0.01336	0.01382	0.01463	0.01404	0.01371	0.01437	0.01397	0.01309	0.01381	0.01325	0.01438	0.01489	0.01402	0.01287	0.01351	0.01387	0.01468	0.01378	0.01422	0.01228	0.01329	0.01317	0.01221	0.01373	0.01359	0.01375	0.0135	0.01328	0.01331	0.01347	0.01336	0.01282	0.01055	0.01287	0.013	0.01337	0.01382	0.01443	0.01438	0.01334	0.01342	0.01359	0.01344	0.01407	0.01374	0.01374	0.014	0.01324	0.01378	0.01404	0.0135	0.01355	0.01299	0.01437	0.01442	0.01353	0.01369	0.01344	0.01389	0.01339	0.01393	0.01395	0.01455	0.01297	0.01339	0.01487	0.01372	0.01328	0.01367	0.01477	0.01407	0.01343	0.01255	0.01362	0.01253	0.01402	0.0138	0.01363	0.01348	0.01371	0.0123	0.01417	0.01403	0.01174	0.01419	0.01332	0.01308	0.0139	0.01315	0.01361	0.01364	0.01493	0.01375	0.01398	0.01389	0.01336	0.01347	0.01291	0.01414	0.01397	0.01408	0.01401	0.01326	0.01349	0.01315	0.01196	0.01232	0.01364	0.01417	0.01427	0.01392	0.01417	0.0145	0.01294	0.01381	0.01152	0.01358	0.01348	0.01372	0.01334	0.01121	0.01319	0.01385	0.01478	0.01452	0.0134	0.01329	0.01334	0.01347	0.01384	0.01352	0.01336	0.01339	0.0132	0.01363	0.01349	0.01426	0.01373	0.01328	0.01386	0.01372	0.01415	0.01319	0.01305	0.01381	0.0134	0.01405	0.01397	0.01303	0.01368	0.01347	0.01336	0.0139	0.01409	0.01292	0.01379	0.01273	0.01378	0.01324	0.01365	0.01304	0.01373	0.01383	0.01311	0.01395	0.01365	0.0131	0.01506	0.01375	0.01482	0.01387	0.01332	0.014	0.01334	0.01309	0.01426	0.01187	0.01324	0.01365	0.01249	0.01407	0.01298	0.01052	0.01292	0.01356	0.01363	0.01353	0.01391	0.0	0.01327	0.01382	0.01355	0.01199	0.01385	0.01378	0.01388	0.01285	0.01431	0.01388	0.01337	0.01382	0.01438	0.01399	0.01372	0.01331	0.01414	0.0123	0.01433	0.01315	0.01281	0.01329	0.01301	0.01413	0.01364	0.01269	0.01343	0.01289	0.01395	0.01223	0.01343	0.01356	0.01379	0.01449	0.01436	0.01408
snail	0.01298	0.01241	0.01241	0.01137	0.01385	0.01232	0.01233	0.01159	0.01288	0.01328	0.01206	0.01223	0.01247	0.01378	0.01359	0.00952	0.01105	0.01409	0.01315	0.01259	0.01315	0.01234	0.01172	0.0122	0.01269	0.01477	0.01483	0.01326	0.01329	0.0107	0.01383	0.01357	0.01405	0.01299	0.01306	0.01268	0.01208	0.01236	0.01292	0.01263	0.01351	0.01298	0.01368	0.01418	0.01234	0.01211	0.01191	0.01301	0.00984	0.01232	0.0136	0.01286	0.01414	0.01251	0.01242	0.01286	0.01307	0.0128	0.01242	0.01323	0.01232	0.01247	0.01293	0.01257	0.0131	0.01234	0.01309	0.01053	0.01378	0.01375	0.0137	0.01283	0.01128	0.01202	0.01301	0.01331	0.01365	0.01385	0.01098	0.01301	0.01432	0.0121	0.01167	0.01226	0.01357	0.01351	0.01218	0.01062	0.01265	0.01331	0.01223	0.01215	0.01299	0.01328	0.01406	0.01197	0.01236	0.01367	0.01249	0.01292	0.01231	0.01281	0.01205	0.01061	0.01282	0.01296	0.01369	0.01294	0.01199	0.01227	0.01241	0.01194	0.01208	0.01294	0.0132	0.01269	0.01325	0.01308	0.01254	0.01328	0.01212	0.01168	0.01311	0.01439	0.01385	0.01295	0.01304	0.01383	0.01179	0.01356	0.01112	0.01245	0.01252	0.01192	0.01292	0.01283	0.01396	0.01232	0.01345	0.01203	0.01326	0.01268	0.01205	0.01202	0.01397	0.0118	0.01261	0.01078	0.01196	0.01235	0.01209	0.01272	0.01267	0.01307	0.01267	0.01293	0.01345	0.01246	0.01236	0.01416	0.01302	0.01378	0.01263	0.01282	0.01272	0.01383	0.0121	0.01128	0.01315	0.01217	0.01248	0.01184	0.01291	0.01326	0.01203	0.01236	0.01271	0.01357	0.01266	0.01217	0.01212	0.01139	0.01384	0.01336	0.01368	0.01123	0.01239	0.01348	0.01206	0.01269	0.01253	0.01195	0.01217	0.0114	0.01335	0.01371	0.01276	0.0125	0.01182	0.01313	0.01335	0.01256	0.01298	0.01327	0.0	0.01306	0.01222	0.01285	0.01278	0.01298	0.01326	0.01267	0.01315	0.01327	0.01299	0.0131	0.01397	0.01378	0.01198	0.01166	0.01309	0.01297	0.0132	0.01198	0.01094	0.01372	0.01379	0.01385	0.01264	0.01317	0.01135	0.01233	0.01274	0.01278	0.01262	0.0122	0.01212	0.01332	0.01373	0.01355
snake	0.01246	0.01264	0.01252	0.01198	0.01163	0.01279	0.01234	0.01251	0.01241	0.01333	0.01252	0.0123	0.01324	0.01305	0.01293	0.01212	0.01176	0.01309	0.01162	0.01179	0.01327	0.01282	0.01195	0.01357	0.01287	0.01392	0.01339	0.01239	0.01303	0.01195	0.01235	0.01318	0.01396	0.01217	0.01282	0.01297	0.01334	0.01251	0.01193	0.01125	0.01289	0.0128	0.01396	0.01429	0.0131	0.01199	0.01108	0.01355	0.0121	0.01238	0.01329	0.01078	0.01321	0.01279	0.01353	0.01272	0.01222	0.01145	0.01204	0.01216	0.01305	0.01142	0.01336	0.01348	0.01207	0.01243	0.01294	0.01294	0.00889	0.01268	0.01314	0.01323	0.01124	0.01344	0.01242	0.01217	0.0135	0.01244	0.01291	0.01379	0.01312	0.01159	0.01109	0.01262	0.01363	0.01202	0.01156	0.01225	0.01242	0.01382	0.01241	0.01121	0.01165	0.01322	0.0125	0.0126	0.0109	0.01244	0.01291	0.01355	0.01154	0.012	0.01212	0.01197	0.01207	0.01267	0.01375	0.01295	0.01155	0.01309	0.01198	0.0123	0.01202	0.01194	0.01001	0.01213	0.01265	0.01273	0.01313	0.0108	0.01285	0.01294	0.01328	0.01442	0.01242	0.01315	0.01212	0.01193	0.01192	0.01186	0.012	0.01245	0.01011	0.01132	0.01407	0.01252	0.01128	0.01253	0.01326	0.01361	0.01313	0.01356	0.01118	0.01252	0.0131	0.01127	0.01102	0.01203	0.01282	0.01277	0.01212	0.01283	0.011	0.01256	0.01322	0.01356	0.01316	0.01025	0.01205	0.0135	0.01249	0.01318	0.01266	0.01271	0.00873	0.01134	0.0132	0.01113	0.01236	0.01269	0.01255	0.01307	0.01198	0.01202	0.01057	0.01253	0.01154	0.01394	0.01169	0.01287	0.00994	0.01181	0.01366	0.01185	0.01362	0.01108	0.01272	0.01259	0.01306	0.01191	0.01242	0.01258	0.01252	0.01203	0.01366	0.01367	0.01177	0.01337	0.01292	0.01314	0.01393	0.01116	0.00821	0.01382	0.01306	0.0	0.01203	0.01329	0.01274	0.01214	0.0112	0.01373	0.0134	0.01207	0.01338	0.01363	0.01346	0.0137	0.0116	0.01113	0.0116	0.01308	0.01341	0.01227	0.01285	0.01163	0.01354	0.01417	0.01132	0.01284	0.01121	0.01244	0.01214	0.01265	0.0108	0.01149	0.0116	0.01326	0.01293	0.01169
sparrow	0.01275	0.01316	0.01234	0.01219	0.01216	0.01213	0.01085	0.01271	0.01289	0.01219	0.01206	0.01268	0.01253	0.013	0.01274	0.0115	0.01309	0.0134	0.01265	0.01206	0.01286	0.0134	0.01119	0.01323	0.0122	0.0132	0.01383	0.01296	0.01319	0.01204	0.01302	0.01345	0.01334	0.01162	0.01278	0.01319	0.01353	0.01303	0.01274	0.01221	0.01108	0.01333	0.01424	0.01415	0.01324	0.01232	0.01069	0.01282	0.01176	0.01238	0.01371	0.01117	0.01233	0.01232	0.01341	0.01205	0.01066	0.01233	0.01227	0.01114	0.01311	0.01141	0.01202	0.01229	0.01077	0.01145	0.01356	0.01302	0.01253	0.01257	0.01381	0.0124	0.01159	0.01368	0.01202	0.01251	0.01386	0.01227	0.01221	0.01401	0.01379	0.01189	0.01214	0.01258	0.01328	0.01238	0.01128	0.01143	0.0117	0.01361	0.01264	0.01151	0.01202	0.01336	0.01335	0.01311	0.01198	0.0125	0.01305	0.01364	0.01221	0.01175	0.01208	0.01221	0.01198	0.01221	0.01374	0.01294	0.01239	0.01292	0.01214	0.01279	0.00938	0.01312	0.01272	0.01324	0.01115	0.01033	0.01279	0.01248	0.01222	0.01327	0.01285	0.01376	0.01383	0.01178	0.01251	0.01367	0.01256	0.01327	0.01139	0.01021	0.01095	0.01196	0.01325	0.01304	0.01171	0.0136	0.01241	0.01281	0.0123	0.01231	0.011	0.01145	0.01265	0.01071	0.01205	0.01216	0.01126	0.01284	0.01235	0.01148	0.01232	0.01237	0.0125	0.01321	0.01215	0.01123	0.01222	0.0135	0.01281	0.01386	0.01267	0.01321	0.01113	0.01223	0.01229	0.01121	0.01274	0.01201	0.01221	0.01294	0.01129	0.0121	0.01193	0.01244	0.01233	0.01394	0.01162	0.01197	0.01136	0.00995	0.01361	0.01087	0.01384	0.01177	0.01309	0.01162	0.01267	0.01261	0.0113	0.01325	0.01141	0.0122	0.01233	0.0137	0.01195	0.01306	0.01308	0.01332	0.01365	0.0129	0.01199	0.01355	0.01222	0.01203	0.0	0.01346	0.01344	0.01271	0.01146	0.01358	0.01375	0.01197	0.0127	0.01277	0.01215	0.01337	0.01086	0.01251	0.01245	0.01291	0.01309	0.01248	0.01318	0.01128	0.0135	0.01405	0.01185	0.01222	0.01208	0.01286	0.01287	0.01252	0.01104	0.01171	0.01043	0.01327	0.0135	0.01194
sperm_whale	0.0126	0.00939	0.01095	0.01132	0.01258	0.01214	0.01258	0.01314	0.01256	0.01326	0.01076	0.0129	0.00806	0.01377	0.01273	0.01263	0.01301	0.01351	0.0131	0.01123	0.01399	0.01318	0.0115	0.01337	0.01311	0.01414	0.01465	0.01329	0.01283	0.01281	0.01344	0.01391	0.01109	0.01275	0.0126	0.0118	0.01211	0.01094	0.01166	0.01228	0.01272	0.01167	0.01238	0.01136	0.01253	0.01219	0.01265	0.01029	0.01203	0.01285	0.01033	0.01286	0.01386	0.01355	0.01239	0.0132	0.01342	0.0103	0.01354	0.01335	0.01322	0.013	0.01398	0.01267	0.01422	0.013	0.01237	0.01177	0.01329	0.01327	0.01394	0.01417	0.01219	0.01291	0.013	0.01218	0.01311	0.0142	0.01226	0.01159	0.01393	0.01219	0.01261	0.00991	0.01418	0.01194	0.01228	0.01191	0.01255	0.0107	0.01298	0.01272	0.01305	0.01279	0.01235	0.01115	0.01302	0.01382	0.01131	0.01415	0.01345	0.01273	0.0134	0.01241	0.01299	0.01372	0.01413	0.01307	0.01263	0.01368	0.01233	0.01288	0.01244	0.0126	0.01246	0.01342	0.01372	0.01386	0.01243	0.01085	0.00935	0.01164	0.01361	0.01461	0.0134	0.01429	0.01362	0.0135	0.01258	0.01236	0.01226	0.01275	0.01145	0.0132	0.01288	0.0123	0.01312	0.01274	0.01463	0.01329	0.01309	0.01232	0.01318	0.01289	0.01381	0.01248	0.01197	0.01224	0.01239	0.01287	0.01294	0.01346	0.01377	0.013	0.0141	0.01115	0.01346	0.01231	0.0127	0.01376	0.01202	0.01118	0.01291	0.01115	0.0126	0.01365	0.01341	0.01252	0.01303	0.00907	0.01332	0.0127	0.01298	0.01375	0.01262	0.01277	0.01313	0.01386	0.01193	0.0135	0.01261	0.01265	0.01486	0.01355	0.01302	0.01258	0.0111	0.01325	0.01284	0.01122	0.01342	0.00948	0.01191	0.01292	0.01319	0.01128	0.01182	0.01169	0.01028	0.01358	0.0119	0.01265	0.01303	0.01199	0.01285	0.01329	0.01346	0.0	0.0126	0.01207	0.01297	0.01245	0.01417	0.01278	0.01295	0.01253	0.01403	0.01392	0.01247	0.01151	0.0131	0.01071	0.01376	0.01171	0.01182	0.01209	0.00959	0.01357	0.01298	0.01134	0.0122	0.01198	0.01349	0.01108	0.01228	0.01315	0.0127	0.01451	0.01294	0.01361
spider	0.01299	0.01241	0.01191	0.01169	0.01358	0.01245	0.01262	0.01296	0.01312	0.01287	0.01166	0.01256	0.01278	0.01306	0.01319	0.01117	0.01228	0.01336	0.01295	0.01085	0.01244	0.01295	0.01186	0.01345	0.01341	0.01276	0.0131	0.01192	0.01204	0.01118	0.01273	0.0138	0.01365	0.01185	0.01228	0.01305	0.012	0.01188	0.01253	0.01185	0.01321	0.01284	0.01303	0.01353	0.01248	0.01042	0.01319	0.01379	0.01201	0.01273	0.01238	0.01277	0.01262	0.01319	0.01199	0.0128	0.01336	0.01267	0.01305	0.01301	0.01143	0.01177	0.01329	0.01275	0.01263	0.01357	0.013	0.0111	0.01357	0.01251	0.0137	0.01341	0.01268	0.01012	0.01274	0.01319	0.01308	0.01309	0.01223	0.01324	0.01364	0.01277	0.01324	0.01201	0.01358	0.01359	0.01207	0.01003	0.01321	0.01397	0.01216	0.01186	0.01372	0.01342	0.01305	0.01175	0.0122	0.01322	0.01282	0.01303	0.01349	0.01327	0.0129	0.01121	0.0119	0.01348	0.01303	0.01217	0.01174	0.01317	0.01303	0.0133	0.01284	0.01271	0.0127	0.01314	0.01208	0.01267	0.01251	0.01305	0.01213	0.01151	0.01256	0.01373	0.01281	0.01193	0.01324	0.01319	0.01173	0.0127	0.01237	0.01181	0.0127	0.01236	0.01298	0.01194	0.01321	0.01187	0.0139	0.01279	0.01289	0.01221	0.01223	0.01268	0.01275	0.01258	0.0127	0.01217	0.01054	0.01308	0.01331	0.01356	0.01291	0.01305	0.01371	0.0125	0.01255	0.01256	0.01321	0.01228	0.01181	0.0129	0.01292	0.0128	0.01245	0.01388	0.01236	0.01182	0.01254	0.01212	0.01334	0.01293	0.01206	0.01228	0.01318	0.00989	0.01156	0.01317	0.01309	0.01255	0.01246	0.01264	0.01376	0.01332	0.01319	0.01207	0.01266	0.01211	0.0116	0.01284	0.01197	0.01241	0.01287	0.0123	0.01344	0.01314	0.01327	0.01318	0.01159	0.01182	0.01307	0.01173	0.01309	0.01385	0.01278	0.01274	0.01344	0.0126	0.0	0.01278	0.0132	0.01297	0.0091	0.01314	0.01277	0.01213	0.01363	0.01299	0.01354	0.01067	0.01343	0.01292	0.01333	0.01193	0.00997	0.01331	0.01271	0.01422	0.01259	0.01335	0.01173	0.01174	0.01282	0.01297	0.01272	0.0134	0.01193	0.01306	0.01434	0.01225
squid	0.0113	0.01043	0.0113	0.01187	0.01138	0.01254	0.01139	0.01191	0.01202	0.01189	0.01005	0.0132	0.01221	0.0134	0.01347	0.01223	0.01221	0.01362	0.0106	0.01184	0.01355	0.01341	0.011	0.01356	0.01243	0.01415	0.01456	0.01251	0.01292	0.0121	0.01373	0.01349	0.01237	0.0116	0.01353	0.01061	0.01222	0.01126	0.01229	0.01093	0.01279	0.0119	0.01368	0.01371	0.01261	0.01228	0.01141	0.01225	0.0127	0.01289	0.01208	0.00965	0.01366	0.01387	0.01251	0.01247	0.01266	0.0137	0.01249	0.01161	0.01301	0.01131	0.01327	0.01338	0.01223	0.01217	0.01304	0.01165	0.01295	0.01283	0.01359	0.01359	0.01247	0.01272	0.01236	0.0134	0.01319	0.01354	0.01215	0.0129	0.01325	0.01119	0.01272	0.01221	0.01332	0.01286	0.01193	0.0123	0.01337	0.01344	0.01394	0.01061	0.01311	0.0122	0.01277	0.01148	0.01203	0.0133	0.01162	0.01389	0.01308	0.01315	0.012	0.01263	0.01227	0.01361	0.01391	0.01151	0.01203	0.01301	0.00982	0.01271	0.01179	0.0132	0.01195	0.01271	0.01307	0.01363	0.01341	0.01152	0.01233	0.01258	0.01249	0.01446	0.0124	0.01269	0.01181	0.01373	0.01205	0.0127	0.01227	0.01245	0.01242	0.01224	0.01402	0.01328	0.01334	0.01298	0.01397	0.01385	0.01295	0.01291	0.01167	0.0124	0.01307	0.01259	0.01294	0.01198	0.01238	0.01277	0.01306	0.01362	0.01198	0.01257	0.01315	0.01268	0.01233	0.01233	0.0131	0.01397	0.01227	0.01282	0.01154	0.00902	0.01208	0.01338	0.01289	0.0123	0.01287	0.01205	0.01299	0.01306	0.01041	0.01192	0.01238	0.01259	0.01259	0.01419	0.01244	0.01312	0.01234	0.01148	0.01388	0.01336	0.01338	0.0124	0.01246	0.01315	0.01288	0.00829	0.01241	0.01098	0.00935	0.01178	0.01243	0.01279	0.01109	0.01311	0.01221	0.01332	0.01276	0.01272	0.0126	0.01378	0.01298	0.01214	0.01271	0.01207	0.01278	0.0	0.01302	0.01337	0.01356	0.01272	0.01321	0.01215	0.01349	0.01378	0.01196	0.01213	0.0129	0.0112	0.01431	0.01138	0.01241	0.01318	0.01104	0.01445	0.0127	0.00941	0.01129	0.01332	0.0127	0.00925	0.01228	0.01192	0.01125	0.01394	0.01293	0.01261
squirrel	0.01286	0.01316	0.01253	0.01214	0.01229	0.0133	0.01216	0.01313	0.01342	0.01303	0.01276	0.01269	0.01269	0.01339	0.01287	0.01248	0.01275	0.01322	0.01209	0.01219	0.01329	0.01336	0.01137	0.0138	0.01293	0.014	0.01289	0.01255	0.01371	0.01259	0.01135	0.01335	0.01391	0.01283	0.01271	0.01347	0.01344	0.01344	0.01237	0.01166	0.01263	0.01298	0.01422	0.01474	0.01399	0.01249	0.01164	0.01411	0.01188	0.01313	0.01379	0.0122	0.013	0.0125	0.01417	0.01298	0.01226	0.01111	0.01213	0.01239	0.01291	0.01122	0.01284	0.01333	0.0126	0.01264	0.01275	0.01382	0.01233	0.01287	0.01311	0.01374	0.01197	0.0138	0.01306	0.01175	0.01364	0.0132	0.01342	0.01331	0.01311	0.01217	0.01136	0.01334	0.01402	0.01149	0.01202	0.01218	0.01286	0.01399	0.01276	0.01224	0.01236	0.01358	0.01337	0.01385	0.01172	0.01305	0.0134	0.0143	0.01209	0.01151	0.01266	0.01177	0.0123	0.01296	0.01416	0.01265	0.01265	0.01345	0.01328	0.0129	0.01071	0.01224	0.01215	0.01319	0.01264	0.01321	0.01282	0.01196	0.01262	0.01273	0.01381	0.01363	0.0134	0.01266	0.01354	0.01327	0.01282	0.01308	0.01202	0.01207	0.01004	0.01162	0.01387	0.01214	0.01106	0.01342	0.01342	0.0138	0.01294	0.01355	0.01135	0.01259	0.01374	0.01058	0.01168	0.01271	0.01286	0.01344	0.01258	0.01292	0.01213	0.01332	0.01296	0.01363	0.01296	0.01073	0.01239	0.01398	0.01289	0.01426	0.01277	0.0137	0.01087	0.01143	0.01333	0.01218	0.013	0.01246	0.01317	0.01325	0.01273	0.01325	0.01107	0.01284	0.01204	0.01384	0.0114	0.0131	0.01116	0.01262	0.01396	0.01148	0.01391	0.01189	0.01404	0.01303	0.01252	0.01285	0.01249	0.01314	0.01259	0.01222	0.01356	0.01422	0.01242	0.01285	0.01334	0.01329	0.01326	0.01211	0.01164	0.01388	0.01326	0.0112	0.01146	0.01297	0.0132	0.01302	0.0	0.014	0.01367	0.01274	0.01353	0.01389	0.01407	0.01383	0.01195	0.01204	0.01151	0.01303	0.01314	0.01349	0.01408	0.01118	0.0141	0.01391	0.01224	0.01228	0.01281	0.01272	0.01221	0.01288	0.01025	0.01138	0.01181	0.01401	0.01315	0.01253
starfish	0.01344	0.013	0.01304	0.01212	0.01351	0.01273	0.01273	0.01286	0.01387	0.01277	0.01262	0.01251	0.01279	0.01316	0.01196	0.01233	0.01279	0.01397	0.01232	0.01233	0.01352	0.01313	0.01226	0.01396	0.0134	0.01406	0.01437	0.01279	0.01161	0.01274	0.01425	0.01377	0.01362	0.01316	0.01204	0.01263	0.0112	0.01294	0.01098	0.01227	0.01316	0.01317	0.0109	0.01423	0.01317	0.01233	0.01299	0.01294	0.01266	0.01264	0.01339	0.01315	0.01291	0.01274	0.0139	0.01308	0.01346	0.01266	0.01259	0.01318	0.01283	0.01278	0.01414	0.01338	0.01416	0.01376	0.01201	0.01244	0.01453	0.01339	0.01329	0.01384	0.01262	0.01294	0.0133	0.01251	0.0134	0.0138	0.01317	0.01197	0.01393	0.0129	0.01265	0.0131	0.01402	0.01328	0.01313	0.01213	0.01332	0.0128	0.01268	0.01254	0.01352	0.01397	0.01413	0.01357	0.01366	0.01369	0.01207	0.0134	0.01304	0.01339	0.0121	0.01261	0.01277	0.01413	0.01448	0.01144	0.01245	0.0134	0.01305	0.01378	0.01267	0.0135	0.01245	0.013	0.01408	0.01376	0.01101	0.01287	0.01249	0.01045	0.01442	0.0147	0.0137	0.01361	0.01325	0.01313	0.01237	0.0135	0.01231	0.01348	0.01278	0.01237	0.01285	0.01277	0.01374	0.01366	0.01422	0.01332	0.01296	0.01301	0.012	0.01301	0.01339	0.01249	0.01342	0.0125	0.01282	0.01339	0.01292	0.01381	0.01237	0.01349	0.0136	0.01251	0.01306	0.01246	0.0126	0.01414	0.01311	0.0142	0.01254	0.0133	0.01296	0.01401	0.01289	0.01194	0.0118	0.01315	0.01463	0.01299	0.01297	0.01381	0.01235	0.01218	0.01271	0.01457	0.01217	0.01308	0.01332	0.01356	0.0149	0.0136	0.01301	0.01207	0.0142	0.01352	0.01172	0.01271	0.01296	0.01207	0.01366	0.01285	0.01412	0.01367	0.01317	0.01276	0.01271	0.01387	0.01234	0.01254	0.01385	0.01285	0.01267	0.01373	0.01358	0.01245	0.01297	0.01337	0.014	0.0	0.01334	0.01263	0.01262	0.01287	0.01393	0.01424	0.01297	0.01031	0.01345	0.01226	0.01359	0.01313	0.01215	0.01305	0.01384	0.01445	0.01308	0.01341	0.01206	0.01127	0.01365	0.01282	0.01323	0.01276	0.01255	0.01331	0.01467	0.01328
stingray	0.01344	0.0137	0.01282	0.01257	0.01416	0.01286	0.01304	0.01344	0.01342	0.0129	0.01296	0.01316	0.01357	0.0131	0.0132	0.01214	0.01274	0.01357	0.01349	0.012	0.01271	0.01334	0.01251	0.01402	0.01402	0.01348	0.01247	0.01198	0.01293	0.01181	0.01274	0.01446	0.01416	0.01241	0.01271	0.01427	0.0128	0.01307	0.01347	0.01267	0.01378	0.01393	0.01354	0.01412	0.01321	0.01169	0.01388	0.01466	0.01262	0.01308	0.01354	0.01358	0.01258	0.01342	0.01285	0.01321	0.01371	0.01358	0.01315	0.01329	0.01232	0.01228	0.01373	0.01362	0.01257	0.01369	0.01302	0.01216	0.01429	0.01338	0.01399	0.01345	0.0135	0.01103	0.01322	0.0137	0.01402	0.01305	0.0121	0.01434	0.01353	0.01342	0.01307	0.01293	0.01372	0.01397	0.01352	0.01091	0.01352	0.01417	0.01262	0.0125	0.01409	0.0136	0.01308	0.01272	0.01255	0.01278	0.01378	0.01335	0.01299	0.0136	0.01329	0.0116	0.0125	0.01356	0.01377	0.01249	0.01246	0.01316	0.01348	0.01392	0.0134	0.01326	0.01327	0.01306	0.01236	0.01293	0.01305	0.01391	0.01327	0.01227	0.01323	0.01364	0.01337	0.01264	0.01341	0.01353	0.01245	0.0131	0.01314	0.01277	0.01325	0.01227	0.01354	0.0127	0.0134	0.01201	0.01414	0.01358	0.01355	0.0129	0.01271	0.01298	0.01336	0.01302	0.01349	0.01333	0.01149	0.01385	0.01345	0.01376	0.01292	0.01325	0.01357	0.01364	0.01282	0.01274	0.01323	0.01199	0.01257	0.01357	0.01332	0.01353	0.01317	0.01341	0.01294	0.01228	0.01245	0.01314	0.01408	0.01352	0.01259	0.01267	0.01361	0.01042	0.01167	0.01336	0.01399	0.01315	0.01316	0.01339	0.0137	0.01335	0.01299	0.01245	0.01344	0.01225	0.01179	0.01364	0.01251	0.01365	0.01343	0.01199	0.0141	0.01369	0.01374	0.01374	0.01275	0.01153	0.01367	0.01289	0.01396	0.01431	0.01315	0.0134	0.01375	0.01417	0.0091	0.01356	0.01367	0.01334	0.0	0.01365	0.01336	0.01314	0.01385	0.01314	0.01369	0.01192	0.01387	0.01382	0.0133	0.01277	0.01136	0.01348	0.01378	0.01457	0.01305	0.01377	0.01294	0.01218	0.01318	0.0139	0.01345	0.01355	0.01236	0.01294	0.01437	0.01206
stork	0.01138	0.0129	0.01311	0.01176	0.0132	0.01209	0.01122	0.0124	0.0122	0.01341	0.01207	0.01262	0.01281	0.01331	0.0127	0.01275	0.01275	0.01292	0.01246	0.01266	0.01259	0.0131	0.01161	0.01346	0.01271	0.01299	0.01359	0.01332	0.01294	0.01286	0.01302	0.01296	0.01327	0.01217	0.01281	0.01303	0.01312	0.0128	0.0125	0.01157	0.01275	0.01282	0.01305	0.01407	0.01355	0.01268	0.0115	0.01378	0.01226	0.01374	0.01309	0.01207	0.01201	0.01094	0.01362	0.01276	0.01286	0.01192	0.0132	0.01242	0.01362	0.01246	0.01197	0.01264	0.01252	0.01272	0.01308	0.01242	0.01276	0.01308	0.01357	0.01232	0.01101	0.0134	0.01132	0.01302	0.01323	0.01313	0.01248	0.01335	0.01354	0.01199	0.01258	0.01267	0.01303	0.01267	0.01228	0.01225	0.01177	0.01383	0.01202	0.01201	0.01119	0.0118	0.01318	0.01327	0.01214	0.01307	0.01342	0.01245	0.01297	0.01251	0.01252	0.01234	0.01145	0.01348	0.01334	0.01289	0.01227	0.01207	0.01273	0.01309	0.0115	0.01283	0.01246	0.01257	0.01239	0.01179	0.0131	0.01215	0.01271	0.01296	0.01361	0.01427	0.01157	0.01234	0.01238	0.01367	0.01245	0.01314	0.01186	0.01246	0.01195	0.0121	0.01321	0.01338	0.0125	0.01255	0.01273	0.01199	0.01277	0.01292	0.0122	0.01147	0.0129	0.01214	0.01101	0.01275	0.01269	0.01254	0.01131	0.01228	0.01287	0.01131	0.01294	0.01241	0.013	0.01187	0.01105	0.01353	0.01283	0.01324	0.01298	0.01269	0.01199	0.01299	0.01346	0.01186	0.01226	0.01274	0.01307	0.01338	0.01242	0.01298	0.01225	0.01279	0.01286	0.01403	0.01145	0.01136	0.01188	0.01275	0.01328	0.01234	0.01396	0.01219	0.01274	0.01208	0.0136	0.01244	0.01103	0.01284	0.01191	0.01222	0.01396	0.01257	0.01201	0.01326	0.01257	0.01366	0.01344	0.01225	0.01239	0.01388	0.01327	0.01207	0.01197	0.01278	0.01314	0.01272	0.01274	0.01263	0.01365	0.0	0.01182	0.01253	0.01193	0.01343	0.01252	0.01217	0.01298	0.01304	0.01242	0.01227	0.01272	0.01232	0.01333	0.01369	0.01134	0.01235	0.01184	0.01263	0.01301	0.01273	0.0122	0.01182	0.01234	0.01269	0.01275	0.01257
swallow	0.01167	0.01297	0.01278	0.01199	0.01377	0.01173	0.01313	0.01347	0.01215	0.01377	0.01258	0.01228	0.01266	0.01301	0.01265	0.01233	0.01301	0.01324	0.0138	0.01261	0.0115	0.01293	0.01229	0.01279	0.01357	0.01398	0.01377	0.01272	0.01267	0.01274	0.01315	0.01354	0.01372	0.01338	0.01334	0.01346	0.0132	0.01262	0.01205	0.01244	0.01333	0.01303	0.01335	0.01372	0.0132	0.01199	0.01218	0.01298	0.01239	0.01281	0.01288	0.01308	0.01124	0.01119	0.01323	0.01323	0.01196	0.01251	0.01307	0.01353	0.01307	0.0135	0.01156	0.01263	0.01296	0.01307	0.0128	0.01239	0.0135	0.01359	0.01321	0.01241	0.01185	0.01298	0.01209	0.01321	0.01105	0.01335	0.01269	0.01269	0.01248	0.01284	0.01319	0.01293	0.01352	0.01335	0.01268	0.01154	0.01244	0.01314	0.01277	0.01306	0.01175	0.01235	0.01329	0.0128	0.01235	0.01273	0.01251	0.01228	0.01317	0.01306	0.01299	0.01253	0.0112	0.01343	0.01351	0.01357	0.01247	0.01214	0.01278	0.01306	0.01261	0.0133	0.0128	0.01304	0.01366	0.0122	0.01257	0.01242	0.01207	0.01253	0.01364	0.01425	0.01286	0.01137	0.0138	0.01308	0.01273	0.01301	0.01241	0.01252	0.01251	0.0126	0.01319	0.01293	0.0134	0.01308	0.01234	0.01223	0.01253	0.01276	0.01316	0.01187	0.01336	0.01223	0.0127	0.01261	0.01227	0.01277	0.01273	0.01195	0.01327	0.01193	0.01256	0.01215	0.01381	0.01215	0.0117	0.01305	0.0131	0.01366	0.01307	0.01308	0.0126	0.01332	0.01198	0.01223	0.01294	0.01257	0.014	0.01356	0.0129	0.01239	0.01277	0.01173	0.01281	0.01401	0.01223	0.01098	0.01259	0.0134	0.01372	0.01218	0.01386	0.01262	0.01329	0.01233	0.01293	0.01292	0.01264	0.01266	0.01222	0.01281	0.01347	0.01361	0.01297	0.01272	0.01294	0.0128	0.0129	0.01269	0.01301	0.01337	0.01299	0.01338	0.0127	0.01295	0.01277	0.01321	0.01353	0.01262	0.01336	0.01182	0.0	0.01264	0.01276	0.01277	0.01307	0.01221	0.01305	0.01267	0.01285	0.01279	0.01267	0.0129	0.01323	0.01459	0.01177	0.01241	0.01246	0.01292	0.01286	0.01283	0.01243	0.0132	0.01273	0.01199	0.01347	0.01226
swallowtail	0.01234	0.01306	0.0128	0.01262	0.01323	0.01124	0.01255	0.01339	0.0133	0.01439	0.01268	0.01373	0.0123	0.0138	0.01228	0.01276	0.01294	0.01337	0.01371	0.01325	0.01279	0.01293	0.01311	0.01342	0.0133	0.01442	0.01426	0.01268	0.01175	0.01282	0.01426	0.01314	0.01311	0.01271	0.01216	0.01254	0.01194	0.01175	0.01283	0.01281	0.01326	0.01206	0.01168	0.0138	0.01312	0.01211	0.01284	0.0122	0.01281	0.01312	0.01236	0.01306	0.01322	0.01188	0.013	0.01296	0.0137	0.01359	0.01355	0.01209	0.01305	0.01342	0.01253	0.01075	0.01365	0.01296	0.01323	0.01153	0.01342	0.01397	0.01393	0.01425	0.01224	0.01238	0.01275	0.0135	0.01299	0.01334	0.01276	0.01218	0.0135	0.01272	0.01367	0.01295	0.01376	0.0134	0.0126	0.01252	0.01183	0.01331	0.01216	0.01186	0.0131	0.01304	0.01323	0.01273	0.01351	0.01359	0.01239	0.01279	0.01359	0.01362	0.01294	0.01271	0.01208	0.01366	0.01402	0.01357	0.01208	0.01234	0.01238	0.0132	0.01282	0.01253	0.01338	0.01331	0.01333	0.01314	0.01288	0.01267	0.01229	0.01185	0.0125	0.01366	0.01253	0.01285	0.01271	0.01304	0.01356	0.01297	0.01232	0.01249	0.01339	0.0132	0.01172	0.0134	0.01391	0.01304	0.01228	0.01185	0.01206	0.00973	0.01263	0.01259	0.0138	0.01335	0.01343	0.01265	0.01259	0.01201	0.01286	0.01195	0.01378	0.01309	0.01324	0.01249	0.01389	0.01304	0.01276	0.01365	0.0134	0.01343	0.01304	0.01219	0.01354	0.01385	0.01288	0.01251	0.01334	0.01268	0.01389	0.01351	0.01279	0.01287	0.01328	0.01277	0.01374	0.0144	0.01272	0.01263	0.01294	0.01188	0.01389	0.01397	0.01348	0.01404	0.01224	0.01306	0.01372	0.01247	0.01274	0.01203	0.01203	0.01212	0.01284	0.01293	0.01315	0.01274	0.01261	0.01377	0.01198	0.01275	0.01331	0.01382	0.0131	0.01363	0.01277	0.01253	0.01213	0.01215	0.01389	0.01287	0.01314	0.01253	0.01264	0.0	0.01312	0.01355	0.01266	0.01202	0.01412	0.01208	0.01294	0.01254	0.01092	0.01357	0.01234	0.01369	0.01266	0.01308	0.01268	0.01205	0.01329	0.01332	0.01362	0.01341	0.01264	0.01289	0.01422	0.01289
swan	0.01206	0.01398	0.01341	0.01258	0.01301	0.01233	0.01285	0.01358	0.01252	0.01304	0.01289	0.01363	0.01267	0.01204	0.01306	0.01297	0.01402	0.01265	0.01402	0.01302	0.01222	0.01431	0.01229	0.01337	0.01388	0.01321	0.01289	0.01346	0.01326	0.01277	0.01371	0.01268	0.01247	0.01402	0.01364	0.01378	0.01377	0.01321	0.01355	0.01255	0.01224	0.01376	0.01432	0.01402	0.01429	0.01302	0.01316	0.01359	0.01254	0.01344	0.01324	0.01307	0.01178	0.01257	0.01315	0.01303	0.01315	0.01365	0.01215	0.01355	0.01383	0.01349	0.01213	0.01235	0.01217	0.01313	0.01376	0.01352	0.01393	0.01236	0.01252	0.01252	0.01246	0.01374	0.01222	0.01336	0.01394	0.01254	0.01385	0.01396	0.0136	0.01379	0.01371	0.01343	0.0135	0.01274	0.01301	0.01225	0.01241	0.01277	0.01331	0.01376	0.01108	0.01195	0.01349	0.01296	0.01311	0.01272	0.01338	0.01194	0.01377	0.01314	0.01415	0.01351	0.01259	0.01332	0.01309	0.01349	0.01307	0.01309	0.01328	0.01284	0.0125	0.01354	0.01354	0.01307	0.01206	0.01187	0.01326	0.01308	0.01324	0.01363	0.01341	0.01439	0.01184	0.01161	0.01295	0.01304	0.01383	0.01285	0.01309	0.01246	0.01283	0.01249	0.01388	0.01393	0.0127	0.0141	0.01209	0.01392	0.01283	0.01376	0.01345	0.01253	0.01212	0.01269	0.01171	0.01375	0.01263	0.01376	0.01306	0.01096	0.0128	0.01127	0.0128	0.01309	0.01349	0.01208	0.01218	0.01231	0.01326	0.01342	0.01346	0.01354	0.01277	0.01292	0.01252	0.01297	0.01321	0.01324	0.01371	0.01397	0.013	0.0128	0.01314	0.01251	0.0128	0.01382	0.01271	0.01159	0.01234	0.01346	0.01266	0.01308	0.01431	0.01307	0.01363	0.01183	0.01347	0.01359	0.01205	0.01371	0.0123	0.01346	0.01363	0.01363	0.0127	0.0138	0.01304	0.01357	0.0142	0.0136	0.01261	0.01438	0.01397	0.01346	0.01215	0.01403	0.01363	0.01349	0.01407	0.01393	0.01385	0.01193	0.01276	0.01312	0.0	0.01296	0.01362	0.01368	0.01365	0.01313	0.01398	0.01313	0.01398	0.01287	0.01385	0.01485	0.01316	0.01287	0.01367	0.01388	0.01355	0.01395	0.01266	0.01254	0.01348	0.01219	0.01404	0.01227
swift	0.01282	0.01349	0.01386	0.01344	0.01415	0.01282	0.01371	0.01367	0.01296	0.01328	0.01315	0.0136	0.01357	0.01334	0.01352	0.0143	0.01407	0.01363	0.01388	0.01354	0.01329	0.01379	0.0136	0.01411	0.01358	0.01366	0.01319	0.01385	0.01346	0.01336	0.01331	0.01408	0.01321	0.01392	0.01326	0.01409	0.01379	0.01339	0.01401	0.01379	0.01377	0.01414	0.01435	0.01398	0.0139	0.01361	0.01329	0.01399	0.01314	0.01411	0.01334	0.01348	0.01296	0.0138	0.01241	0.01403	0.01404	0.01403	0.01382	0.01447	0.0139	0.01396	0.01262	0.01362	0.01338	0.01295	0.01366	0.01358	0.01476	0.01266	0.01386	0.01302	0.01332	0.01388	0.01353	0.01394	0.01356	0.01284	0.01341	0.01406	0.01366	0.01407	0.01322	0.01311	0.01305	0.01435	0.01323	0.01341	0.01376	0.0137	0.01309	0.01338	0.0135	0.01382	0.01281	0.01255	0.01245	0.01314	0.0137	0.01306	0.01368	0.01388	0.01391	0.01324	0.01378	0.01325	0.01273	0.01395	0.01332	0.0131	0.01359	0.01304	0.01382	0.01432	0.0142	0.01307	0.01334	0.01308	0.01352	0.01341	0.01365	0.01363	0.01314	0.01408	0.01259	0.01243	0.01345	0.01346	0.01342	0.0127	0.0133	0.01318	0.01366	0.0137	0.01395	0.01334	0.01351	0.01304	0.01289	0.01376	0.01358	0.0143	0.01415	0.01314	0.01362	0.01359	0.01344	0.01371	0.01308	0.01397	0.01382	0.01313	0.01335	0.01314	0.01304	0.01379	0.01391	0.01315	0.01337	0.01264	0.01319	0.01362	0.01374	0.01399	0.01316	0.01327	0.01302	0.01329	0.01388	0.01351	0.01346	0.0136	0.01314	0.01336	0.01403	0.01303	0.01299	0.01325	0.01406	0.01272	0.01311	0.0132	0.01321	0.01392	0.01452	0.01346	0.01409	0.01252	0.01389	0.01374	0.01366	0.01368	0.01277	0.01336	0.01395	0.01383	0.01341	0.01359	0.01331	0.01286	0.0146	0.01321	0.01378	0.01399	0.01378	0.0137	0.01337	0.01392	0.01299	0.01378	0.01383	0.01424	0.01314	0.01343	0.01277	0.01355	0.01296	0.0	0.01309	0.01351	0.01369	0.01384	0.01345	0.01385	0.01366	0.0138	0.01383	0.01434	0.01354	0.01335	0.01369	0.01326	0.01279	0.01393	0.01401	0.01378	0.01347	0.01302	0.01424	0.01228
tapir	0.01261	0.01183	0.01108	0.01153	0.01237	0.01213	0.01191	0.01234	0.01239	0.01236	0.01156	0.01305	0.01214	0.01281	0.01198	0.01224	0.013	0.01337	0.01184	0.01182	0.01337	0.01364	0.01119	0.01289	0.01261	0.01388	0.01412	0.01233	0.01314	0.01184	0.01314	0.01342	0.01378	0.0119	0.01263	0.01316	0.01294	0.0132	0.01313	0.01177	0.01299	0.01203	0.0139	0.01458	0.0131	0.01192	0.01113	0.01368	0.01142	0.01268	0.01398	0.01039	0.01281	0.01223	0.01259	0.01292	0.01139	0.01167	0.01264	0.01149	0.01268	0.01041	0.01357	0.01251	0.01167	0.01265	0.0118	0.01342	0.01265	0.01259	0.01335	0.01346	0.01181	0.01387	0.01201	0.0123	0.0134	0.01256	0.0121	0.01324	0.01359	0.0117	0.01161	0.01229	0.01401	0.01327	0.01155	0.01203	0.01278	0.01362	0.01261	0.01016	0.01228	0.0136	0.0133	0.01202	0.01134	0.01283	0.0128	0.01397	0.01179	0.01289	0.01131	0.01152	0.01276	0.01206	0.01261	0.0122	0.01258	0.01345	0.01233	0.01194	0.01095	0.01234	0.01169	0.01302	0.01219	0.01247	0.01209	0.01159	0.01255	0.01251	0.0129	0.01462	0.01285	0.0127	0.01261	0.01391	0.01124	0.01275	0.01135	0.01103	0.01101	0.01185	0.01351	0.0123	0.0136	0.01319	0.01325	0.0133	0.01363	0.01293	0.01119	0.01192	0.01342	0.01001	0.01157	0.01189	0.01196	0.0132	0.01253	0.01227	0.0121	0.01315	0.01203	0.01388	0.01295	0.0112	0.01304	0.01408	0.01153	0.01371	0.01154	0.01335	0.01146	0.0115	0.01227	0.0111	0.01289	0.01251	0.01165	0.01279	0.01129	0.01307	0.01113	0.01308	0.01179	0.01329	0.01204	0.01264	0.01094	0.01125	0.01367	0.01214	0.0139	0.01159	0.01381	0.01265	0.01205	0.01178	0.01219	0.01264	0.01149	0.01195	0.01331	0.01325	0.0119	0.01272	0.01293	0.01281	0.01313	0.01169	0.01172	0.01372	0.01198	0.0116	0.01086	0.01247	0.01354	0.01196	0.01195	0.01297	0.01369	0.01252	0.01307	0.01266	0.01362	0.01309	0.0	0.01155	0.01142	0.012	0.01326	0.0126	0.0134	0.01222	0.01368	0.0139	0.01157	0.0123	0.01106	0.01235	0.01142	0.01279	0.0118	0.0105	0.011	0.01332	0.01298	0.0123
termite	0.01253	0.01118	0.01079	0.01118	0.01285	0.01142	0.01181	0.01257	0.01298	0.01268	0.01126	0.01193	0.01179	0.01329	0.01142	0.01076	0.01104	0.01318	0.01143	0.01031	0.01244	0.01271	0.01073	0.01277	0.01324	0.0144	0.01415	0.01095	0.01077	0.01048	0.01307	0.01284	0.01351	0.01216	0.01124	0.01245	0.01069	0.01191	0.01014	0.01108	0.01281	0.01261	0.01115	0.01375	0.01224	0.0099	0.01185	0.01313	0.0107	0.01153	0.01266	0.01188	0.01244	0.01192	0.01297	0.01313	0.01263	0.01097	0.01236	0.01253	0.01106	0.01125	0.01344	0.01162	0.01233	0.01284	0.01158	0.01125	0.01268	0.01258	0.01364	0.01346	0.01084	0.01229	0.0119	0.01149	0.01278	0.01337	0.01192	0.01149	0.01289	0.0116	0.01094	0.01175	0.0139	0.01266	0.01143	0.01046	0.01289	0.01339	0.01136	0.01118	0.01237	0.0132	0.01303	0.01198	0.01127	0.01264	0.01155	0.01367	0.01165	0.01268	0.01174	0.01071	0.0119	0.01319	0.01388	0.01117	0.01142	0.01258	0.01224	0.0128	0.01174	0.01154	0.01018	0.01213	0.0126	0.01299	0.0106	0.01124	0.01113	0.0098	0.01322	0.01446	0.01272	0.01211	0.01297	0.01204	0.01139	0.01205	0.01146	0.0121	0.01077	0.01191	0.01165	0.01132	0.01284	0.01208	0.01308	0.01266	0.01223	0.01212	0.011	0.01161	0.01338	0.01071	0.01175	0.01094	0.01079	0.01243	0.01248	0.01299	0.01182	0.01243	0.01241	0.01249	0.01276	0.0107	0.01214	0.01392	0.01146	0.01327	0.012	0.01226	0.01095	0.01321	0.01233	0.0107	0.01237	0.01124	0.01333	0.01268	0.01226	0.01315	0.01025	0.01178	0.01146	0.0134	0.01147	0.01205	0.01095	0.01221	0.01426	0.01263	0.01281	0.00991	0.01263	0.01278	0.0102	0.01162	0.01171	0.01119	0.01223	0.01176	0.01368	0.01289	0.01184	0.0118	0.01142	0.01309	0.01165	0.011	0.01167	0.01331	0.01166	0.01113	0.01251	0.01151	0.01067	0.01213	0.01204	0.01031	0.01192	0.01217	0.01221	0.01202	0.01368	0.01351	0.01155	0.0	0.01203	0.01129	0.01281	0.01203	0.0109	0.01217	0.01321	0.01408	0.01202	0.01253	0.01038	0.01019	0.01265	0.01194	0.01161	0.01177	0.01087	0.01284	0.01351	0.01217
tarantula	0.01272	0.01329	0.01315	0.01275	0.01145	0.01274	0.01207	0.01286	0.01332	0.01237	0.01307	0.01345	0.01323	0.01362	0.01336	0.0127	0.01263	0.01414	0.01211	0.01223	0.013	0.01343	0.01208	0.01314	0.01253	0.01366	0.01388	0.01273	0.01352	0.01288	0.01131	0.01323	0.01385	0.01283	0.01284	0.01303	0.01325	0.01336	0.01223	0.01229	0.01233	0.01336	0.01391	0.01429	0.01387	0.01202	0.01086	0.01406	0.01254	0.01302	0.01408	0.0124	0.01291	0.01325	0.01373	0.01212	0.01242	0.01175	0.01245	0.01263	0.01293	0.0121	0.01318	0.01392	0.01262	0.01186	0.01278	0.01419	0.01275	0.01316	0.01324	0.01283	0.01151	0.01381	0.01247	0.01219	0.01315	0.01329	0.0132	0.01381	0.01311	0.01135	0.01182	0.01323	0.01408	0.0112	0.01223	0.01262	0.01287	0.01405	0.01251	0.01174	0.0126	0.01363	0.0133	0.0135	0.01196	0.01326	0.01326	0.01362	0.01275	0.01173	0.01237	0.01239	0.0127	0.01264	0.01397	0.01266	0.01235	0.01306	0.01326	0.01298	0.01184	0.01315	0.01114	0.01331	0.0128	0.01319	0.01253	0.01261	0.01385	0.01328	0.01288	0.01382	0.01339	0.01339	0.01305	0.01352	0.01169	0.01258	0.01199	0.0129	0.01125	0.01222	0.01362	0.01293	0.01238	0.01382	0.01365	0.01372	0.01348	0.01403	0.01159	0.01257	0.01313	0.01102	0.01202	0.01206	0.01255	0.01235	0.01267	0.01316	0.01187	0.01325	0.01342	0.01374	0.01211	0.01116	0.01262	0.01425	0.01261	0.01382	0.0122	0.01334	0.01099	0.01171	0.01285	0.01221	0.01263	0.01318	0.01215	0.01313	0.01172	0.01307	0.01159	0.01272	0.01142	0.01432	0.01103	0.01247	0.01135	0.01243	0.01416	0.0124	0.01368	0.01195	0.01398	0.013	0.01294	0.01245	0.01223	0.01344	0.0127	0.0123	0.01414	0.01389	0.01229	0.01305	0.01384	0.01243	0.01243	0.0126	0.01143	0.01414	0.01309	0.0116	0.01245	0.0131	0.01343	0.0129	0.01151	0.01345	0.01387	0.01298	0.01305	0.01412	0.01365	0.01369	0.01142	0.01203	0.0	0.01339	0.01336	0.0122	0.01379	0.01135	0.01399	0.01412	0.01173	0.01273	0.01256	0.01281	0.01273	0.01304	0.01056	0.01243	0.01201	0.01348	0.01241	0.01305
tiger	0.01223	0.00938	0.01048	0.0109	0.01274	0.01122	0.01247	0.01322	0.01313	0.01279	0.01084	0.01307	0.01107	0.01383	0.01208	0.0119	0.01325	0.01334	0.01272	0.01179	0.01336	0.01361	0.01146	0.01263	0.01321	0.01469	0.01437	0.01198	0.01143	0.01126	0.01405	0.01369	0.01256	0.01339	0.01215	0.01167	0.01149	0.01085	0.0118	0.0109	0.0133	0.01108	0.01229	0.01319	0.01248	0.01119	0.01174	0.01141	0.01175	0.01274	0.01227	0.01176	0.01344	0.01327	0.01258	0.01361	0.01296	0.01238	0.01289	0.01306	0.01191	0.012	0.01374	0.01185	0.01352	0.01321	0.01189	0.0115	0.01378	0.01351	0.01343	0.01405	0.01277	0.01303	0.01279	0.01236	0.0126	0.01324	0.01231	0.01124	0.01301	0.01274	0.01283	0.01139	0.01433	0.01336	0.01209	0.01146	0.01353	0.01264	0.01284	0.01189	0.0134	0.01304	0.01299	0.0113	0.01318	0.01397	0.00925	0.0142	0.01302	0.01312	0.01263	0.01245	0.01305	0.01329	0.0139	0.01169	0.01336	0.01391	0.01164	0.01291	0.01188	0.01162	0.01231	0.01375	0.01344	0.01377	0.01175	0.01059	0.01022	0.01088	0.01317	0.0141	0.01325	0.01272	0.01361	0.01287	0.01234	0.0128	0.01216	0.01239	0.01218	0.01257	0.01325	0.01114	0.01367	0.01304	0.01373	0.01364	0.01237	0.01231	0.01192	0.01293	0.01404	0.01154	0.0126	0.01193	0.01144	0.01311	0.01368	0.01315	0.0132	0.01302	0.01284	0.01226	0.01401	0.01228	0.01327	0.01395	0.01205	0.01282	0.01218	0.01164	0.01246	0.01287	0.01269	0.01263	0.01325	0.01079	0.0136	0.01234	0.01222	0.01277	0.01213	0.01265	0.01314	0.01354	0.01244	0.01363	0.01211	0.01259	0.01415	0.01344	0.01354	0.01223	0.01268	0.01371	0.01206	0.01111	0.01259	0.01036	0.01102	0.01277	0.01324	0.01254	0.012	0.01081	0.01131	0.0132	0.01242	0.01233	0.01274	0.0123	0.01297	0.01308	0.01291	0.01071	0.01292	0.0112	0.01303	0.01226	0.01382	0.01304	0.01267	0.01208	0.01313	0.01384	0.012	0.01129	0.01339	0.0	0.01432	0.0124	0.01251	0.0128	0.01177	0.01454	0.01236	0.011	0.01157	0.01226	0.01335	0.01114	0.0127	0.01193	0.01236	0.01421	0.01408	0.01376
tit	0.01283	0.01424	0.0135	0.01295	0.01362	0.01323	0.01295	0.01303	0.01335	0.01435	0.01334	0.01324	0.01317	0.01395	0.01315	0.01309	0.01254	0.01348	0.01339	0.01353	0.01304	0.01296	0.01352	0.01389	0.01323	0.01472	0.0148	0.01347	0.01351	0.01366	0.01349	0.01338	0.01362	0.01296	0.01375	0.01385	0.01368	0.0137	0.01278	0.01317	0.01315	0.01382	0.01336	0.01364	0.01342	0.01339	0.0133	0.01428	0.01286	0.01311	0.01332	0.01374	0.01324	0.0116	0.01377	0.01342	0.01333	0.01313	0.01299	0.01339	0.01378	0.01404	0.01287	0.01308	0.01326	0.01323	0.01397	0.01273	0.01344	0.01398	0.01353	0.01359	0.01174	0.0133	0.01327	0.01409	0.01395	0.01406	0.01329	0.01407	0.01302	0.0134	0.0129	0.01373	0.01302	0.01333	0.0133	0.01242	0.01219	0.01377	0.01314	0.01276	0.01277	0.01277	0.01341	0.01356	0.01267	0.01327	0.01394	0.01316	0.01318	0.0137	0.01296	0.01271	0.01218	0.01427	0.01418	0.01381	0.0119	0.01284	0.01374	0.01372	0.01322	0.01361	0.01353	0.01286	0.01371	0.01358	0.01326	0.01367	0.01308	0.01328	0.01355	0.01472	0.01358	0.0134	0.01308	0.0137	0.01364	0.01362	0.01291	0.01326	0.01301	0.0131	0.01354	0.01348	0.01369	0.01349	0.0131	0.01123	0.01315	0.01328	0.0125	0.01247	0.01411	0.01264	0.01283	0.0136	0.01306	0.01233	0.01172	0.01354	0.01334	0.0135	0.01332	0.01315	0.01364	0.01255	0.01217	0.01423	0.01351	0.01379	0.01326	0.01351	0.01324	0.01379	0.0136	0.01218	0.01319	0.01347	0.01418	0.01367	0.01368	0.01394	0.01267	0.01309	0.01312	0.01459	0.01282	0.01237	0.01254	0.01335	0.01385	0.01332	0.01377	0.01216	0.013	0.01327	0.01335	0.01376	0.01261	0.01343	0.01357	0.01291	0.01408	0.01303	0.0135	0.01348	0.01338	0.01356	0.01298	0.01297	0.01318	0.01433	0.0132	0.01341	0.01309	0.01376	0.01333	0.01431	0.01314	0.01359	0.0133	0.01242	0.01285	0.01294	0.01398	0.01345	0.01326	0.01281	0.01336	0.01432	0.0	0.01353	0.01312	0.01324	0.01351	0.01324	0.01215	0.01379	0.01346	0.0124	0.01311	0.01393	0.01322	0.01342	0.01257	0.01273	0.01355	0.01288
toad	0.01207	0.01165	0.0122	0.01142	0.01264	0.01208	0.01098	0.01178	0.01235	0.01295	0.01131	0.01316	0.01206	0.0137	0.01396	0.01086	0.01189	0.01409	0.01244	0.01084	0.01328	0.01181	0.01062	0.01179	0.01157	0.01403	0.01486	0.01285	0.0128	0.01179	0.01354	0.01286	0.01305	0.01106	0.01281	0.01086	0.01151	0.01016	0.0122	0.01182	0.01247	0.01193	0.01318	0.01369	0.0118	0.01065	0.01136	0.0123	0.01206	0.01293	0.0128	0.01212	0.01352	0.01318	0.01156	0.01174	0.01306	0.01313	0.01328	0.01218	0.01305	0.01242	0.01301	0.01331	0.01317	0.0115	0.01252	0.01092	0.01327	0.0133	0.01355	0.01305	0.01152	0.01176	0.01212	0.01328	0.0138	0.01338	0.01146	0.01343	0.01373	0.00987	0.01313	0.01106	0.01327	0.01281	0.01201	0.01124	0.01222	0.01338	0.01272	0.01125	0.01313	0.01292	0.01351	0.01097	0.01276	0.01386	0.01217	0.01391	0.01298	0.01326	0.01187	0.01173	0.01207	0.01273	0.01444	0.01181	0.01122	0.01197	0.01143	0.01338	0.0124	0.01382	0.0124	0.01298	0.01206	0.01233	0.01293	0.01272	0.01205	0.01124	0.012	0.01418	0.01297	0.01315	0.01224	0.01382	0.01096	0.01303	0.01104	0.01293	0.01267	0.01284	0.0137	0.01276	0.01288	0.01256	0.01453	0.01244	0.0131	0.01201	0.0118	0.01213	0.0126	0.01262	0.01278	0.01019	0.01099	0.01178	0.0123	0.01348	0.01217	0.01184	0.01401	0.01251	0.01201	0.01299	0.01254	0.01366	0.01166	0.01266	0.01222	0.01064	0.01234	0.01358	0.01234	0.01204	0.01186	0.01201	0.01207	0.01313	0.01173	0.01237	0.01323	0.01162	0.01225	0.01476	0.01196	0.01217	0.01269	0.01143	0.01457	0.01309	0.0132	0.01238	0.01093	0.01216	0.0129	0.01083	0.01186	0.01093	0.01125	0.01112	0.0133	0.0123	0.01244	0.01239	0.0111	0.01281	0.01344	0.01268	0.01256	0.01315	0.01198	0.01227	0.01248	0.01171	0.01193	0.01138	0.01349	0.01313	0.01277	0.01227	0.01279	0.01254	0.01313	0.01385	0.0126	0.01203	0.0122	0.0124	0.01353	0.0	0.01012	0.01333	0.01216	0.01351	0.01091	0.01229	0.0108	0.01234	0.01326	0.01139	0.01255	0.01295	0.01156	0.01357	0.01352	0.01326
tortoise	0.01293	0.01227	0.01247	0.01154	0.01346	0.01234	0.01164	0.01242	0.01292	0.01327	0.01209	0.0124	0.01218	0.014	0.01322	0.01031	0.01118	0.01407	0.01324	0.01191	0.01335	0.01182	0.01194	0.0125	0.01297	0.01407	0.01428	0.01312	0.01221	0.0115	0.01392	0.01338	0.01362	0.01203	0.01275	0.01161	0.01089	0.01056	0.01226	0.01234	0.01277	0.01233	0.01229	0.01344	0.01145	0.01048	0.0126	0.0125	0.01072	0.01266	0.01238	0.01337	0.01355	0.0128	0.01224	0.01227	0.01352	0.01318	0.01357	0.01288	0.01263	0.01304	0.01334	0.01234	0.01314	0.01265	0.01293	0.00836	0.01317	0.01385	0.01354	0.01398	0.01138	0.00913	0.0129	0.01363	0.01371	0.01382	0.01044	0.01296	0.01412	0.01095	0.01322	0.01145	0.01364	0.01326	0.01234	0.00943	0.01215	0.01375	0.01229	0.01167	0.0135	0.01271	0.01357	0.01164	0.01302	0.01341	0.01256	0.01321	0.01312	0.01317	0.01237	0.01079	0.0124	0.01326	0.0144	0.01245	0.01101	0.01243	0.01209	0.01373	0.01317	0.01322	0.01269	0.01247	0.01313	0.0129	0.013	0.01257	0.01176	0.01072	0.01306	0.01409	0.01356	0.01309	0.01289	0.01379	0.01186	0.0128	0.01162	0.01276	0.01332	0.01286	0.01254	0.01265	0.0136	0.01234	0.01394	0.01152	0.01306	0.01054	0.0122	0.01219	0.01338	0.01275	0.01326	0.01128	0.01148	0.01126	0.0124	0.01317	0.01287	0.01273	0.01382	0.01236	0.01278	0.01287	0.01296	0.01374	0.01244	0.01303	0.01345	0.01173	0.01314	0.01405	0.01217	0.01138	0.01196	0.01245	0.01325	0.01257	0.01279	0.01305	0.01306	0.01019	0.0126	0.01446	0.01259	0.01244	0.0131	0.01173	0.01433	0.01367	0.01257	0.01212	0.01106	0.01304	0.01191	0.01245	0.01263	0.01123	0.01249	0.01143	0.01339	0.01273	0.01326	0.01234	0.01119	0.01299	0.01329	0.01237	0.01321	0.01281	0.01094	0.01285	0.01318	0.01182	0.00997	0.01241	0.01408	0.01215	0.01136	0.01272	0.01267	0.01092	0.01398	0.01366	0.0134	0.0109	0.01379	0.01251	0.01312	0.01012	0.0	0.01353	0.01235	0.01393	0.01205	0.01336	0.01134	0.01168	0.01311	0.01236	0.01322	0.0134	0.012	0.0133	0.01406	0.01338
toucan	0.0129	0.01259	0.01248	0.01201	0.01112	0.01296	0.01094	0.01335	0.01313	0.01242	0.01194	0.01272	0.012	0.01279	0.01247	0.01219	0.0127	0.01274	0.0126	0.01187	0.01325	0.0135	0.01146	0.01396	0.01288	0.01255	0.01295	0.01335	0.01362	0.01277	0.01139	0.01334	0.013	0.01304	0.01221	0.01329	0.01354	0.0132	0.01155	0.01215	0.011	0.01371	0.01318	0.01343	0.01377	0.01269	0.01145	0.01308	0.01204	0.01276	0.01349	0.01241	0.01205	0.01277	0.01398	0.01216	0.01214	0.01016	0.01251	0.01259	0.01315	0.01203	0.01303	0.01333	0.01224	0.0125	0.01285	0.01352	0.01211	0.01215	0.01349	0.01355	0.01196	0.01391	0.01282	0.01191	0.01312	0.01296	0.01321	0.0133	0.01347	0.01269	0.01221	0.01271	0.01359	0.00947	0.01231	0.01145	0.01177	0.01254	0.0125	0.01225	0.0115	0.01346	0.01324	0.01344	0.01202	0.01243	0.0132	0.01409	0.01289	0.01096	0.0132	0.01254	0.01207	0.01362	0.01408	0.01317	0.01257	0.01409	0.01317	0.01316	0.01056	0.01257	0.01188	0.01381	0.01325	0.01292	0.01218	0.01158	0.01202	0.01316	0.01371	0.01419	0.01327	0.01258	0.01288	0.0129	0.01233	0.01205	0.0121	0.01244	0.00865	0.01203	0.01341	0.01314	0.01086	0.01369	0.01332	0.01319	0.0125	0.01363	0.01094	0.01219	0.01177	0.01121	0.01175	0.01277	0.01276	0.0132	0.01292	0.0124	0.01218	0.01298	0.01317	0.01306	0.01218	0.01053	0.01181	0.0135	0.01328	0.01301	0.01268	0.01326	0.00996	0.01185	0.01299	0.01227	0.01229	0.01169	0.01387	0.01323	0.01236	0.01263	0.01176	0.01234	0.01214	0.01377	0.01122	0.01359	0.0107	0.01253	0.01412	0.01068	0.01362	0.0117	0.0138	0.01338	0.01272	0.01269	0.01224	0.01313	0.01264	0.0128	0.01316	0.01321	0.01226	0.01263	0.01256	0.01379	0.0127	0.01209	0.01186	0.01329	0.01372	0.01163	0.01128	0.01209	0.01331	0.01318	0.01118	0.01305	0.01348	0.01232	0.0129	0.01357	0.01287	0.0138	0.01222	0.01217	0.01135	0.0128	0.01324	0.01333	0.01353	0.0	0.01296	0.01422	0.01272	0.01187	0.01266	0.01253	0.0132	0.01242	0.0083	0.01271	0.01123	0.01413	0.01281	0.01243
trout	0.01179	0.01025	0.01183	0.01247	0.01176	0.01307	0.01296	0.01377	0.01163	0.01299	0.011	0.01344	0.01042	0.01311	0.01368	0.0131	0.01308	0.0139	0.01374	0.01207	0.01413	0.0136	0.01279	0.01382	0.01365	0.01378	0.01427	0.01384	0.01324	0.01393	0.01385	0.01363	0.00936	0.01154	0.01354	0.01084	0.01285	0.01107	0.01241	0.01292	0.01259	0.01241	0.01316	0.01083	0.01289	0.01335	0.01364	0.01001	0.01371	0.01349	0.00867	0.0116	0.014	0.01421	0.01219	0.01253	0.01322	0.01294	0.01348	0.01328	0.01413	0.01387	0.01387	0.01419	0.01336	0.01338	0.01353	0.0112	0.0138	0.01257	0.01416	0.0137	0.01302	0.01267	0.01304	0.01331	0.01293	0.01371	0.01275	0.01264	0.01357	0.01239	0.01384	0.01112	0.01378	0.01236	0.01304	0.01298	0.01281	0.01122	0.01406	0.01265	0.01312	0.01199	0.01125	0.01153	0.01306	0.01366	0.01155	0.01364	0.01383	0.01339	0.01337	0.01347	0.01247	0.01393	0.0139	0.01363	0.01216	0.01327	0.01117	0.01325	0.01346	0.01364	0.01339	0.01276	0.01366	0.0131	0.01403	0.01231	0.01083	0.01283	0.01292	0.01471	0.01264	0.01373	0.01258	0.01388	0.0131	0.01238	0.01297	0.01319	0.01294	0.01353	0.01385	0.0131	0.01353	0.01324	0.01451	0.01326	0.01353	0.01278	0.01381	0.01302	0.01265	0.01383	0.01267	0.01309	0.01326	0.0134	0.01316	0.01362	0.01388	0.01257	0.01383	0.01123	0.01274	0.01304	0.01362	0.01302	0.0127	0.01049	0.01385	0.00973	0.01324	0.01396	0.01298	0.01274	0.01287	0.01004	0.01392	0.01372	0.01182	0.01235	0.01342	0.01229	0.01322	0.01427	0.01322	0.01336	0.01327	0.01243	0.01475	0.014	0.01298	0.01314	0.0108	0.01305	0.0136	0.01044	0.01292	0.01102	0.01152	0.0132	0.01266	0.01151	0.01076	0.01311	0.0112	0.01364	0.01275	0.01303	0.0137	0.01301	0.01379	0.01354	0.0135	0.00959	0.01271	0.01104	0.0141	0.01384	0.01378	0.01333	0.01323	0.01234	0.01385	0.01383	0.01368	0.01321	0.01399	0.01177	0.01351	0.01216	0.01235	0.01296	0.0	0.01426	0.01289	0.01033	0.01271	0.01329	0.01362	0.01035	0.01298	0.01373	0.01314	0.01393	0.01295	0.01259
turkey	0.01422	0.01438	0.01475	0.01349	0.01381	0.01418	0.01351	0.01478	0.01386	0.01409	0.01477	0.01433	0.01399	0.0137	0.01457	0.01386	0.01394	0.01506	0.01431	0.01416	0.01449	0.01363	0.01408	0.01425	0.01294	0.01419	0.01509	0.01446	0.01419	0.01465	0.01408	0.01298	0.01427	0.01321	0.01413	0.01437	0.01352	0.01435	0.014	0.01386	0.01339	0.01437	0.01349	0.01392	0.01441	0.01408	0.01373	0.01456	0.01426	0.01384	0.0141	0.01424	0.01473	0.01451	0.01465	0.01317	0.01462	0.01348	0.01403	0.01397	0.01452	0.01433	0.01456	0.01439	0.01464	0.01285	0.01434	0.01454	0.01451	0.01443	0.01392	0.0144	0.01412	0.0137	0.01388	0.01428	0.01427	0.01458	0.01387	0.0141	0.01446	0.01332	0.01452	0.01385	0.01468	0.01325	0.01389	0.01434	0.01284	0.01421	0.01407	0.0139	0.01385	0.0143	0.01458	0.01428	0.01394	0.0146	0.01442	0.01508	0.01446	0.01351	0.01473	0.01376	0.01401	0.01475	0.01569	0.01403	0.01271	0.01386	0.01418	0.01445	0.01406	0.01418	0.01458	0.01426	0.01423	0.01397	0.01427	0.0144	0.01414	0.01398	0.01372	0.01432	0.01407	0.01511	0.01333	0.01441	0.01439	0.01392	0.01355	0.01452	0.01395	0.01432	0.01377	0.01463	0.01401	0.01403	0.01459	0.01338	0.01423	0.01378	0.01383	0.01409	0.01385	0.01495	0.01403	0.01408	0.01418	0.01426	0.01372	0.015	0.01411	0.01406	0.01459	0.01392	0.01357	0.01426	0.01372	0.01464	0.01438	0.01364	0.0137	0.01393	0.01422	0.01414	0.01404	0.01371	0.01392	0.01408	0.01362	0.01412	0.01393	0.01441	0.01414	0.01426	0.01411	0.0159	0.01341	0.01429	0.01445	0.0134	0.01501	0.01461	0.01428	0.01472	0.01332	0.01395	0.0149	0.01426	0.01306	0.01403	0.01454	0.0142	0.01409	0.01347	0.01453	0.01408	0.01394	0.01472	0.01332	0.01425	0.01426	0.01413	0.01385	0.01417	0.01405	0.01357	0.01422	0.01445	0.01391	0.01445	0.01457	0.01369	0.01459	0.01369	0.01485	0.01434	0.0139	0.01408	0.01412	0.01454	0.01324	0.01351	0.01393	0.01422	0.01426	0.0	0.01385	0.01454	0.01445	0.0135	0.01419	0.01425	0.01371	0.01416	0.01355	0.01502	0.01366	0.01445
turtle	0.01183	0.01276	0.01235	0.01121	0.01306	0.01164	0.01236	0.01223	0.01267	0.0129	0.01237	0.01273	0.01269	0.01284	0.0125	0.01191	0.01233	0.01379	0.01239	0.01122	0.01259	0.01302	0.0118	0.01256	0.0117	0.01361	0.01404	0.01192	0.01268	0.01254	0.01259	0.01235	0.01343	0.01197	0.01254	0.01253	0.01237	0.01184	0.0122	0.01099	0.01302	0.0122	0.01402	0.01389	0.01323	0.01183	0.01143	0.0131	0.01207	0.0129	0.01293	0.0122	0.01213	0.01177	0.0124	0.0127	0.01235	0.01216	0.01255	0.01239	0.01291	0.01185	0.01232	0.01304	0.01331	0.01238	0.01278	0.01221	0.01272	0.01296	0.01319	0.01295	0.01038	0.01301	0.01143	0.01297	0.01303	0.01251	0.01222	0.0134	0.01319	0.01095	0.01242	0.01132	0.0136	0.01328	0.01138	0.0124	0.01237	0.01313	0.01255	0.01078	0.01174	0.01283	0.01328	0.01129	0.01188	0.01347	0.01274	0.01299	0.01249	0.01253	0.01271	0.01237	0.0116	0.01289	0.01379	0.01262	0.01212	0.01213	0.01233	0.01231	0.01202	0.01225	0.01209	0.01292	0.01275	0.01177	0.0129	0.01222	0.01237	0.01266	0.01283	0.01437	0.01211	0.01276	0.01258	0.01363	0.0112	0.01257	0.01191	0.01233	0.0119	0.0114	0.01346	0.0134	0.01289	0.01325	0.01349	0.01184	0.01307	0.01221	0.01129	0.01222	0.01309	0.01115	0.01136	0.01167	0.01221	0.01154	0.01134	0.01242	0.01224	0.01168	0.01278	0.01292	0.01319	0.01185	0.01185	0.01352	0.01233	0.01359	0.01191	0.01269	0.01185	0.01258	0.01261	0.01118	0.01227	0.01211	0.01217	0.01314	0.01246	0.01238	0.01249	0.01163	0.01201	0.01394	0.01144	0.01192	0.01166	0.01294	0.01399	0.01188	0.01358	0.01229	0.01222	0.01229	0.01341	0.0121	0.01186	0.01244	0.01153	0.01242	0.01363	0.01333	0.01209	0.01303	0.01282	0.01319	0.01348	0.01248	0.01179	0.01364	0.01264	0.01132	0.01185	0.01298	0.01259	0.0127	0.01224	0.01308	0.01305	0.01134	0.01177	0.01266	0.01316	0.01354	0.01157	0.01202	0.01173	0.01236	0.01215	0.01091	0.01205	0.01272	0.01289	0.01385	0.0	0.01264	0.01118	0.01239	0.01205	0.01271	0.01246	0.01103	0.01244	0.01224	0.01341	0.01285
vulture	0.01079	0.01011	0.01119	0.01136	0.01095	0.01255	0.01163	0.01223	0.01167	0.01158	0.00959	0.01277	0.01125	0.01294	0.01316	0.01244	0.0127	0.01305	0.01208	0.01155	0.013	0.01399	0.01075	0.01327	0.01309	0.01359	0.01416	0.01289	0.01286	0.0129	0.01326	0.01346	0.01089	0.0125	0.01286	0.01128	0.01264	0.01142	0.01207	0.01196	0.01205	0.01248	0.01376	0.01193	0.01303	0.01248	0.01189	0.01108	0.01239	0.01282	0.01129	0.01027	0.01311	0.01328	0.01261	0.01271	0.01263	0.0126	0.0125	0.0127	0.01296	0.01187	0.01257	0.01314	0.0117	0.01248	0.01287	0.01192	0.01361	0.01256	0.01379	0.0133	0.01225	0.0133	0.01205	0.01272	0.01286	0.01266	0.01246	0.01294	0.01332	0.01225	0.01256	0.01149	0.01301	0.01192	0.01223	0.01203	0.01279	0.01195	0.01348	0.01231	0.01218	0.01198	0.01198	0.01171	0.01217	0.01344	0.01169	0.0136	0.01308	0.01242	0.01248	0.0125	0.01237	0.01353	0.01408	0.01263	0.01269	0.01329	0.01072	0.01262	0.01106	0.01295	0.01227	0.01247	0.01299	0.01315	0.0133	0.01176	0.01102	0.01319	0.01283	0.01435	0.01231	0.01251	0.01274	0.01388	0.01259	0.01238	0.01219	0.01176	0.01118	0.01263	0.01371	0.01254	0.01248	0.01287	0.01331	0.01356	0.01299	0.01347	0.01195	0.0124	0.01307	0.01179	0.01197	0.01212	0.01254	0.01297	0.01283	0.01265	0.01237	0.01184	0.01248	0.01233	0.01229	0.01165	0.01221	0.01299	0.01219	0.01243	0.01196	0.00894	0.01173	0.01259	0.01272	0.01223	0.01268	0.01061	0.01328	0.01345	0.01095	0.01256	0.01258	0.01216	0.01265	0.01377	0.01235	0.01232	0.01189	0.01207	0.01421	0.01265	0.01361	0.01185	0.01258	0.01289	0.01284	0.00901	0.01197	0.01109	0.00896	0.01259	0.01227	0.01305	0.00996	0.01225	0.01202	0.01354	0.01259	0.01292	0.0132	0.01269	0.01317	0.01284	0.01222	0.01134	0.01335	0.00941	0.01228	0.01341	0.01377	0.01235	0.01241	0.01308	0.01287	0.01335	0.0123	0.01253	0.01273	0.011	0.01379	0.01229	0.01336	0.01187	0.01033	0.01454	0.01264	0.0	0.01242	0.01321	0.01287	0.00881	0.01165	0.01214	0.01198	0.01352	0.01331	0.01258
walrus	0.012	0.01083	0.01033	0.01127	0.01233	0.01148	0.01119	0.0108	0.0117	0.01219	0.01142	0.01139	0.01218	0.01292	0.01253	0.01057	0.01093	0.0134	0.01098	0.01036	0.01275	0.0125	0.01126	0.01281	0.01177	0.01363	0.01382	0.01191	0.01206	0.01151	0.01316	0.01362	0.01343	0.0114	0.01217	0.0112	0.01067	0.01136	0.01153	0.01045	0.01256	0.01288	0.01279	0.01438	0.01228	0.01101	0.01089	0.01304	0.01076	0.01228	0.01307	0.01125	0.01262	0.01257	0.01248	0.01148	0.01195	0.01223	0.01211	0.01235	0.01184	0.01108	0.01355	0.0129	0.01238	0.01247	0.01093	0.01115	0.01235	0.01258	0.01314	0.01326	0.01092	0.01209	0.01244	0.01235	0.01357	0.01309	0.01097	0.01308	0.01329	0.01042	0.01185	0.01177	0.01325	0.01325	0.01228	0.01106	0.01283	0.01352	0.01218	0.01041	0.01224	0.01298	0.01337	0.01143	0.01187	0.0133	0.01172	0.01315	0.0117	0.01314	0.01075	0.01117	0.01161	0.01286	0.01357	0.01086	0.01163	0.01241	0.01112	0.01264	0.0114	0.01219	0.01189	0.01168	0.01311	0.01226	0.01184	0.01192	0.01153	0.01028	0.01249	0.01466	0.01237	0.01277	0.0117	0.01333	0.00909	0.01315	0.01118	0.01234	0.0118	0.01142	0.01279	0.012	0.01336	0.01222	0.01365	0.01226	0.0127	0.01225	0.01069	0.01084	0.01253	0.01128	0.01206	0.01082	0.01175	0.01227	0.0119	0.01292	0.01199	0.01242	0.0128	0.01289	0.01251	0.01206	0.01285	0.01371	0.01239	0.0129	0.01225	0.01148	0.01152	0.01291	0.01242	0.01059	0.01187	0.01175	0.01238	0.01279	0.01118	0.01275	0.01141	0.01191	0.01179	0.01379	0.01102	0.01255	0.01193	0.01202	0.01384	0.01269	0.01333	0.01129	0.01218	0.01306	0.01114	0.01057	0.01151	0.01116	0.01177	0.01127	0.01338	0.01308	0.01144	0.01218	0.011	0.01312	0.01381	0.01148	0.01171	0.01343	0.01135	0.01121	0.01208	0.0122	0.01173	0.01129	0.01281	0.01206	0.01294	0.01184	0.01246	0.01268	0.01367	0.01369	0.01106	0.01038	0.01256	0.01157	0.01346	0.0108	0.01134	0.01266	0.01271	0.01445	0.01118	0.01242	0.0	0.0119	0.01223	0.01108	0.01222	0.01109	0.01112	0.01314	0.01353	0.01238
wasp	0.01318	0.01232	0.01194	0.01214	0.0127	0.01092	0.0118	0.01322	0.01317	0.01232	0.01179	0.01204	0.0127	0.01302	0.01199	0.01147	0.01269	0.01353	0.0132	0.01202	0.01263	0.01286	0.01214	0.01369	0.01354	0.01421	0.0144	0.01115	0.01045	0.01205	0.01292	0.0131	0.01356	0.01273	0.01087	0.0128	0.01148	0.01213	0.01125	0.01209	0.01249	0.01321	0.01021	0.01384	0.01295	0.01136	0.01261	0.013	0.0114	0.01258	0.01338	0.01259	0.01336	0.01218	0.01284	0.01276	0.0127	0.01259	0.0127	0.0133	0.01099	0.01238	0.01354	0.01163	0.01292	0.01272	0.01163	0.01253	0.01356	0.0129	0.01348	0.0128	0.01188	0.01276	0.0131	0.0125	0.01304	0.01349	0.01151	0.01257	0.0138	0.01251	0.01182	0.01199	0.01407	0.01231	0.01248	0.01157	0.01263	0.01333	0.0111	0.01192	0.01274	0.01335	0.01328	0.01218	0.01221	0.0132	0.01193	0.0141	0.01165	0.0126	0.01249	0.01122	0.01217	0.01235	0.01379	0.01198	0.01168	0.01295	0.01303	0.01302	0.01236	0.01204	0.01256	0.01288	0.0123	0.01263	0.01082	0.01302	0.01138	0.0103	0.01276	0.01374	0.01344	0.01308	0.01287	0.01188	0.01208	0.01231	0.01173	0.01242	0.01217	0.01217	0.01061	0.0111	0.01265	0.01287	0.01402	0.0132	0.01229	0.01145	0.01232	0.01245	0.0132	0.0121	0.01226	0.01193	0.01103	0.01334	0.01256	0.01333	0.01235	0.01312	0.01337	0.01238	0.01244	0.01125	0.01254	0.01366	0.01245	0.01309	0.0133	0.01323	0.01217	0.0132	0.01291	0.01121	0.01239	0.01242	0.01274	0.01282	0.01275	0.01333	0.01171	0.01218	0.01162	0.01387	0.01189	0.01274	0.0119	0.0122	0.01446	0.01318	0.01367	0.01172	0.01284	0.01217	0.012	0.01257	0.01221	0.01228	0.01347	0.01251	0.01312	0.01262	0.01264	0.01152	0.01209	0.0123	0.01216	0.01195	0.01283	0.01289	0.01233	0.01244	0.01286	0.01198	0.01174	0.01332	0.01272	0.01127	0.01218	0.01263	0.01292	0.01205	0.01388	0.01326	0.01235	0.01019	0.01281	0.01226	0.0124	0.01234	0.01168	0.01253	0.01329	0.0135	0.01239	0.01321	0.0119	0.0	0.01253	0.01287	0.01246	0.01271	0.0121	0.0133	0.01273	0.01234
weasel	0.01229	0.01325	0.01308	0.01282	0.0121	0.01179	0.01311	0.01254	0.01184	0.01234	0.01301	0.01314	0.01318	0.01196	0.01231	0.01294	0.01285	0.01359	0.01246	0.01268	0.01235	0.01402	0.01305	0.01324	0.01341	0.01397	0.01377	0.01239	0.01258	0.01252	0.01304	0.01374	0.01379	0.01207	0.01251	0.01349	0.01298	0.01386	0.01325	0.01209	0.01303	0.01292	0.0135	0.01393	0.01374	0.01298	0.01269	0.01418	0.01196	0.01288	0.01347	0.01192	0.01273	0.0124	0.01291	0.01329	0.01256	0.01257	0.01243	0.01337	0.0134	0.01219	0.01246	0.01324	0.01244	0.01271	0.01332	0.01371	0.01318	0.01285	0.0133	0.0133	0.01232	0.01244	0.01282	0.01287	0.01275	0.01288	0.01259	0.01385	0.0135	0.01283	0.01153	0.01346	0.01365	0.01316	0.01297	0.0127	0.01297	0.01408	0.01253	0.01173	0.01188	0.01258	0.01326	0.01275	0.01055	0.01258	0.01369	0.01281	0.01224	0.01326	0.0128	0.01162	0.01186	0.01314	0.01287	0.01311	0.0115	0.01194	0.01279	0.01225	0.01278	0.01246	0.01262	0.01229	0.01307	0.01246	0.0126	0.01298	0.01345	0.01325	0.01258	0.01435	0.0125	0.01198	0.01181	0.01273	0.01225	0.01216	0.01288	0.01274	0.01226	0.01157	0.0127	0.01291	0.01372	0.01295	0.01293	0.01272	0.01353	0.01314	0.012	0.01163	0.01308	0.01168	0.01209	0.01285	0.01264	0.01358	0.01196	0.0136	0.01235	0.01285	0.01305	0.01316	0.01274	0.01155	0.01241	0.0134	0.01298	0.01307	0.01202	0.01325	0.01198	0.01247	0.01216	0.01078	0.01206	0.01265	0.01277	0.01316	0.01168	0.01291	0.01257	0.01195	0.01153	0.01356	0.01267	0.01213	0.01215	0.01286	0.01331	0.0125	0.01401	0.01211	0.01378	0.01189	0.01297	0.01272	0.01267	0.01361	0.01303	0.01313	0.01391	0.01387	0.01123	0.0134	0.01365	0.01232	0.0142	0.01145	0.01254	0.01395	0.01274	0.01214	0.01287	0.01349	0.01282	0.0127	0.01221	0.01365	0.01318	0.01301	0.01286	0.01329	0.01355	0.01279	0.01142	0.01265	0.01273	0.01335	0.01311	0.01326	0.01311	0.0132	0.01362	0.01419	0.01205	0.01287	0.01223	0.01253	0.0	0.01351	0.01291	0.01169	0.01202	0.01304	0.01254	0.01193
whale	0.01148	0.00946	0.0111	0.0122	0.01224	0.01291	0.01103	0.01178	0.01216	0.01183	0.01028	0.01262	0.01161	0.01403	0.01369	0.012	0.01199	0.01392	0.01122	0.01172	0.01403	0.01336	0.01091	0.01363	0.01211	0.0141	0.01418	0.01288	0.01198	0.01276	0.01347	0.01381	0.01232	0.01259	0.01331	0.01021	0.01123	0.01012	0.01115	0.01121	0.01271	0.01257	0.01309	0.01257	0.01218	0.01219	0.01152	0.01129	0.01281	0.01238	0.01141	0.01126	0.01397	0.01393	0.0127	0.01216	0.013	0.01316	0.01277	0.01272	0.01307	0.01238	0.01379	0.01413	0.01306	0.01244	0.01249	0.01087	0.01291	0.01333	0.01355	0.01362	0.01233	0.01267	0.01351	0.01342	0.0136	0.01405	0.01223	0.01278	0.01367	0.01129	0.01266	0.0116	0.01306	0.01247	0.01256	0.01197	0.01313	0.01287	0.01382	0.01187	0.0132	0.01271	0.01236	0.01142	0.01286	0.01393	0.01146	0.01398	0.01314	0.01251	0.01204	0.01272	0.01235	0.01391	0.01477	0.01161	0.01218	0.01352	0.01096	0.01318	0.01178	0.01347	0.01202	0.01294	0.01392	0.01358	0.01363	0.01229	0.01105	0.01166	0.01322	0.01454	0.01275	0.01347	0.01285	0.01383	0.0124	0.01304	0.01208	0.01301	0.01173	0.01309	0.01363	0.01291	0.01307	0.01305	0.01436	0.01295	0.0132	0.01321	0.0114	0.01258	0.01338	0.01266	0.0127	0.0124	0.01235	0.01271	0.01304	0.0131	0.01249	0.0128	0.01342	0.01209	0.01236	0.0129	0.01309	0.01374	0.01289	0.01307	0.01244	0.00802	0.01245	0.01382	0.01295	0.01284	0.01291	0.01115	0.01385	0.01313	0.01164	0.01236	0.01223	0.01253	0.01369	0.0141	0.01192	0.01341	0.01267	0.01174	0.01485	0.01308	0.01334	0.0121	0.01143	0.01386	0.01231	0.0084	0.01239	0.0099	0.01062	0.01224	0.01241	0.01284	0.01081	0.0129	0.01164	0.01389	0.0128	0.01307	0.01298	0.01223	0.01278	0.01265	0.01252	0.01108	0.01297	0.00925	0.01288	0.01282	0.0139	0.01273	0.01283	0.01332	0.01395	0.01393	0.01279	0.01194	0.01304	0.01114	0.01393	0.01139	0.01236	0.01242	0.01035	0.01425	0.01271	0.00881	0.01108	0.01287	0.01351	0.0	0.01204	0.01287	0.01125	0.01373	0.01288	0.01321
wolf	0.0123	0.01227	0.01228	0.01128	0.01066	0.01297	0.011	0.0124	0.01228	0.01199	0.01194	0.01216	0.01217	0.01254	0.01265	0.01104	0.01189	0.01306	0.01214	0.01161	0.01324	0.01332	0.01079	0.01326	0.01246	0.01272	0.0131	0.01312	0.01351	0.01188	0.01139	0.01286	0.01313	0.01178	0.01236	0.01268	0.01299	0.01272	0.01104	0.01172	0.01083	0.01345	0.01338	0.0137	0.01266	0.01198	0.0104	0.01303	0.01088	0.01225	0.01335	0.01156	0.01209	0.01281	0.01402	0.0113	0.0115	0.01001	0.0113	0.012	0.01269	0.01122	0.01242	0.01309	0.01116	0.01173	0.01266	0.01284	0.01134	0.01161	0.01317	0.01299	0.01127	0.01322	0.01282	0.01177	0.01321	0.01295	0.01235	0.01327	0.01329	0.01147	0.01208	0.01238	0.0136	0.00885	0.01205	0.01049	0.01138	0.01301	0.01191	0.01157	0.01075	0.01298	0.0132	0.01338	0.01104	0.01199	0.013	0.01372	0.0123	0.01083	0.0124	0.01142	0.01163	0.01323	0.01441	0.01258	0.01147	0.01333	0.01264	0.01251	0.01028	0.01233	0.01105	0.01297	0.01322	0.01252	0.01233	0.01166	0.01163	0.01294	0.01296	0.01432	0.01287	0.01173	0.01227	0.01289	0.01227	0.01215	0.01106	0.01156	0.0083	0.0117	0.01306	0.01254	0.01057	0.01318	0.01324	0.0128	0.01146	0.01292	0.01045	0.01163	0.0113	0.01055	0.01106	0.01214	0.01249	0.01282	0.01247	0.01222	0.01171	0.01251	0.01337	0.01304	0.01157	0.01008	0.01125	0.01314	0.01329	0.01275	0.01248	0.01288	0.00979	0.01121	0.01184	0.01133	0.01241	0.01179	0.01313	0.01298	0.01115	0.01218	0.0109	0.01148	0.01148	0.01406	0.01108	0.01262	0.0102	0.01135	0.01429	0.01094	0.01362	0.0111	0.01302	0.01297	0.01254	0.01238	0.01169	0.01254	0.01222	0.01208	0.01347	0.01341	0.01185	0.01221	0.01214	0.01345	0.01237	0.01187	0.01131	0.01343	0.01262	0.0108	0.01104	0.01228	0.01272	0.01228	0.01025	0.01323	0.01345	0.0122	0.01243	0.01362	0.01266	0.01401	0.0118	0.01161	0.01056	0.0127	0.01322	0.01255	0.01322	0.0083	0.01298	0.01371	0.01246	0.01165	0.01222	0.01246	0.01291	0.01204	0.0	0.01212	0.01069	0.01364	0.01248	0.01182
wombat	0.01237	0.01244	0.01215	0.0115	0.01246	0.01191	0.01224	0.01215	0.01233	0.0125	0.01156	0.01278	0.01208	0.01267	0.01236	0.01216	0.01245	0.01307	0.01119	0.01175	0.01327	0.01378	0.01097	0.01272	0.01214	0.01416	0.01389	0.01266	0.01325	0.01194	0.0132	0.01378	0.01298	0.01211	0.01261	0.01284	0.01283	0.01264	0.01254	0.00946	0.01296	0.01261	0.01371	0.01438	0.01332	0.01224	0.01094	0.01356	0.01154	0.01272	0.01383	0.01068	0.01241	0.01278	0.01356	0.01297	0.01152	0.01196	0.01044	0.01188	0.01286	0.01071	0.01312	0.01266	0.01197	0.01213	0.01217	0.01301	0.01236	0.01254	0.01224	0.01283	0.01086	0.01336	0.01177	0.01256	0.01312	0.01255	0.0128	0.01351	0.01382	0.01181	0.01176	0.01273	0.0138	0.01263	0.01172	0.01215	0.01309	0.01335	0.01331	0.01074	0.01213	0.01309	0.01346	0.01232	0.01151	0.01289	0.0121	0.01309	0.012	0.01254	0.01165	0.01179	0.01247	0.01275	0.01385	0.01251	0.01233	0.01326	0.01152	0.01063	0.01077	0.01186	0.01201	0.01259	0.01294	0.01256	0.01256	0.01177	0.01289	0.01253	0.01292	0.01448	0.01259	0.01226	0.01241	0.01289	0.01134	0.01272	0.01163	0.0115	0.0116	0.00903	0.01335	0.01298	0.01328	0.01359	0.01301	0.01373	0.01381	0.01332	0.01069	0.01159	0.01337	0.01047	0.01147	0.01182	0.01279	0.01288	0.01232	0.01248	0.00999	0.01209	0.01191	0.01323	0.01314	0.01057	0.01262	0.01426	0.0124	0.01334	0.01108	0.01323	0.011	0.0122	0.01228	0.01085	0.01236	0.01294	0.01195	0.01237	0.01149	0.0133	0.01141	0.01266	0.01186	0.01364	0.01113	0.01268	0.01103	0.01266	0.01376	0.01228	0.0144	0.01175	0.01407	0.01269	0.01265	0.01158	0.0123	0.01216	0.0114	0.01236	0.01346	0.0136	0.01209	0.01307	0.013	0.01338	0.01371	0.01159	0.01179	0.01356	0.0122	0.01149	0.01171	0.01315	0.0134	0.01192	0.01138	0.01276	0.01355	0.01182	0.0132	0.01341	0.01254	0.01378	0.0105	0.01177	0.01243	0.01193	0.01342	0.01295	0.0134	0.01271	0.01373	0.01416	0.01103	0.01214	0.01109	0.01271	0.01169	0.01287	0.01212	0.0	0.01153	0.01272	0.01354	0.01206
woodpecker	0.01248	0.01193	0.01203	0.01175	0.01116	0.01259	0.01049	0.01158	0.0119	0.01182	0.01142	0.01251	0.01254	0.01256	0.0128	0.0112	0.01129	0.01308	0.01079	0.01089	0.01285	0.01293	0.01031	0.01331	0.01135	0.01376	0.01345	0.01167	0.01259	0.01084	0.01233	0.0135	0.01309	0.01064	0.01242	0.01197	0.0118	0.01179	0.01125	0.01068	0.01115	0.01307	0.01309	0.01364	0.01231	0.01131	0.01055	0.0137	0.01136	0.01155	0.01313	0.01072	0.0119	0.01259	0.01337	0.01176	0.01144	0.01229	0.01201	0.01116	0.012	0.01073	0.01331	0.013	0.01048	0.01106	0.01212	0.01206	0.01247	0.012	0.01368	0.01363	0.01156	0.01278	0.01236	0.01255	0.01357	0.01264	0.01204	0.01324	0.01353	0.01086	0.01212	0.01171	0.0129	0.0116	0.01096	0.01058	0.01201	0.01403	0.01228	0.00999	0.01203	0.01323	0.01254	0.01247	0.01068	0.01203	0.01271	0.01371	0.01212	0.01134	0.01048	0.01094	0.01135	0.01277	0.01384	0.01166	0.00998	0.01247	0.01232	0.01324	0.0107	0.01262	0.01165	0.01201	0.01215	0.01287	0.01215	0.0124	0.01214	0.01179	0.01252	0.01416	0.01336	0.01214	0.0119	0.01325	0.01156	0.01201	0.01136	0.01137	0.01046	0.01136	0.01321	0.01256	0.01228	0.01264	0.01332	0.0122	0.0127	0.01279	0.00919	0.01087	0.01239	0.01124	0.01202	0.01157	0.01145	0.01289	0.0122	0.01281	0.01098	0.01272	0.01264	0.01244	0.01083	0.01131	0.01248	0.01319	0.01214	0.01243	0.01103	0.0119	0.01039	0.01246	0.01167	0.01074	0.01198	0.01234	0.01291	0.0126	0.01035	0.01178	0.0115	0.0122	0.01143	0.01425	0.01131	0.01224	0.01121	0.01025	0.0138	0.01212	0.01285	0.01083	0.0123	0.01243	0.01199	0.01149	0.0109	0.01177	0.01183	0.01092	0.0134	0.01271	0.01172	0.01284	0.01191	0.01323	0.0129	0.01111	0.01229	0.01379	0.01212	0.0116	0.01043	0.0127	0.01193	0.01125	0.01181	0.01255	0.01236	0.01234	0.01273	0.01264	0.01348	0.01347	0.011	0.01087	0.01201	0.01236	0.01257	0.01156	0.012	0.01123	0.01314	0.01355	0.01244	0.01198	0.01112	0.0121	0.01202	0.01125	0.01069	0.01153	0.0	0.01327	0.01274	0.0114
wren	0.01279	0.01392	0.01295	0.01313	0.01389	0.0129	0.01371	0.01346	0.01299	0.01345	0.01347	0.01276	0.01377	0.01262	0.01283	0.01307	0.01278	0.01288	0.01299	0.01359	0.01187	0.01373	0.01318	0.0138	0.01373	0.01365	0.01139	0.01326	0.01334	0.01312	0.01347	0.0132	0.01331	0.01373	0.0137	0.01359	0.01312	0.01335	0.01321	0.01257	0.01336	0.01379	0.01386	0.01456	0.01411	0.01283	0.01311	0.01416	0.01307	0.01259	0.0135	0.01341	0.012	0.01213	0.01353	0.01308	0.014	0.01335	0.01271	0.01371	0.01318	0.01309	0.01213	0.01343	0.01292	0.01378	0.01303	0.01301	0.01408	0.01329	0.01248	0.01283	0.01167	0.0134	0.01271	0.01366	0.01415	0.01198	0.01354	0.01338	0.01383	0.01345	0.01331	0.01389	0.01228	0.01336	0.01247	0.01306	0.01268	0.01343	0.01365	0.01316	0.01272	0.01267	0.01249	0.0131	0.01247	0.01238	0.0138	0.01018	0.01299	0.0141	0.01324	0.01269	0.0126	0.0139	0.01285	0.01333	0.01277	0.01266	0.01391	0.013	0.01357	0.01368	0.0129	0.0129	0.01363	0.01262	0.01355	0.01362	0.01373	0.01328	0.01359	0.01451	0.01175	0.01196	0.01281	0.01292	0.01364	0.0128	0.01351	0.01343	0.01355	0.01185	0.01311	0.01357	0.01392	0.01325	0.01152	0.01274	0.0139	0.01362	0.01292	0.01216	0.0137	0.01318	0.01232	0.01306	0.01326	0.01221	0.01217	0.01178	0.01282	0.0128	0.01286	0.01363	0.0133	0.01267	0.01218	0.0123	0.01367	0.01366	0.01359	0.01377	0.01279	0.01403	0.01285	0.0123	0.01308	0.01386	0.01399	0.01406	0.01328	0.0138	0.01343	0.01253	0.01244	0.01295	0.01281	0.01055	0.01318	0.01376	0.01309	0.01323	0.01334	0.013	0.01384	0.01213	0.01346	0.01358	0.01233	0.01344	0.01325	0.013	0.01383	0.01379	0.01355	0.01373	0.014	0.01378	0.01377	0.01313	0.01362	0.01449	0.01332	0.01326	0.01327	0.01451	0.01306	0.01394	0.01401	0.01331	0.01294	0.01269	0.01199	0.01289	0.01219	0.01302	0.01332	0.01284	0.01348	0.01421	0.01273	0.01357	0.0133	0.01413	0.01393	0.01502	0.01224	0.01352	0.01314	0.0133	0.01304	0.01373	0.01364	0.01272	0.01327	0.0	0.01424	0.01126
yak	0.01246	0.01312	0.01362	0.0138	0.01257	0.01243	0.01267	0.01352	0.01274	0.01335	0.01331	0.01345	0.01352	0.01362	0.0135	0.01356	0.01388	0.01473	0.01342	0.01301	0.01324	0.01366	0.01263	0.01375	0.01326	0.01383	0.01457	0.01349	0.01317	0.01368	0.01295	0.01431	0.01362	0.01294	0.01354	0.01345	0.01359	0.01399	0.01345	0.01351	0.01293	0.01353	0.01349	0.01325	0.01367	0.01373	0.01263	0.01443	0.01351	0.01405	0.01376	0.01301	0.01373	0.01334	0.01358	0.0132	0.0132	0.01292	0.0139	0.01354	0.0138	0.0135	0.01362	0.01416	0.01361	0.01246	0.01341	0.0145	0.0133	0.01304	0.01345	0.01334	0.01357	0.01396	0.01358	0.01354	0.01293	0.01385	0.01344	0.01418	0.01328	0.0126	0.0134	0.01333	0.01441	0.01255	0.01335	0.01337	0.01335	0.01455	0.01333	0.01302	0.01278	0.0128	0.01384	0.01331	0.01164	0.01334	0.0141	0.01446	0.01324	0.01242	0.01375	0.01372	0.01288	0.01297	0.01438	0.01337	0.01263	0.01334	0.01369	0.01379	0.0131	0.01346	0.01304	0.01383	0.01355	0.01312	0.01332	0.01367	0.01364	0.01372	0.01327	0.0145	0.0135	0.01354	0.01363	0.01342	0.01344	0.01361	0.01342	0.01277	0.01258	0.01289	0.01294	0.01363	0.01308	0.01468	0.01394	0.0139	0.01366	0.01393	0.0133	0.0133	0.01372	0.01303	0.01253	0.01371	0.01266	0.01452	0.01411	0.01353	0.01336	0.01347	0.01459	0.01372	0.01291	0.0131	0.01351	0.01429	0.01345	0.01356	0.01328	0.01324	0.01278	0.01355	0.01389	0.01325	0.0139	0.01372	0.01264	0.01347	0.01324	0.0131	0.01323	0.01348	0.0131	0.0145	0.01263	0.01394	0.01297	0.01235	0.01472	0.01369	0.01445	0.01329	0.01354	0.01301	0.01435	0.01332	0.01316	0.01408	0.01372	0.0134	0.014	0.01341	0.01235	0.01384	0.01376	0.01285	0.0125	0.01293	0.01305	0.01436	0.01373	0.01293	0.0135	0.01294	0.01434	0.01293	0.01315	0.01467	0.01437	0.01275	0.01347	0.01422	0.01404	0.01424	0.01298	0.01351	0.01241	0.01408	0.01355	0.01352	0.01406	0.01281	0.01295	0.01366	0.01341	0.01331	0.01353	0.01273	0.01254	0.01288	0.01248	0.01354	0.01274	0.01424	0.0	0.01336
zebra	0.01254	0.01342	0.01275	0.01178	0.01212	0.01266	0.01261	0.01323	0.0111	0.01218	0.01257	0.01314	0.01291	0.0104	0.01192	0.01273	0.01272	0.0124	0.01274	0.01189	0.01191	0.01305	0.01201	0.01409	0.01331	0.01234	0.01193	0.01288	0.01241	0.01273	0.0122	0.01381	0.01262	0.01097	0.01283	0.01295	0.01317	0.01314	0.0121	0.01163	0.01157	0.01382	0.01346	0.01423	0.01356	0.01282	0.01253	0.01367	0.01219	0.01204	0.01278	0.01095	0.01157	0.01261	0.01321	0.01166	0.01135	0.01276	0.01139	0.01264	0.01318	0.01219	0.01267	0.01358	0.01083	0.01262	0.01258	0.01334	0.01275	0.01115	0.01283	0.01307	0.01243	0.0131	0.01278	0.013	0.01393	0.01134	0.01225	0.01314	0.01287	0.01234	0.01238	0.01319	0.0121	0.01241	0.0123	0.01213	0.0116	0.01303	0.01287	0.01159	0.01143	0.01269	0.01192	0.0133	0.01063	0.01078	0.01314	0.01217	0.01168	0.01273	0.01226	0.01096	0.01163	0.01294	0.01334	0.01298	0.01088	0.01236	0.01208	0.01219	0.01224	0.01296	0.01251	0.01183	0.01242	0.01171	0.01304	0.01253	0.01263	0.01268	0.01222	0.01445	0.01169	0.01175	0.01153	0.01241	0.01245	0.01166	0.01203	0.01141	0.01117	0.01054	0.01332	0.01278	0.01268	0.01257	0.01268	0.01351	0.01293	0.01356	0.01226	0.01143	0.01139	0.01222	0.01186	0.01316	0.01268	0.01346	0.0126	0.01223	0.0114	0.0118	0.01256	0.01323	0.01122	0.01071	0.01169	0.01173	0.01279	0.01243	0.01326	0.01347	0.01158	0.0127	0.01193	0.01103	0.01194	0.01241	0.01331	0.01338	0.01103	0.01141	0.01203	0.01159	0.01107	0.01328	0.01254	0.01211	0.01178	0.01176	0.01339	0.01234	0.01332	0.01169	0.01336	0.01102	0.01287	0.01277	0.01246	0.01337	0.0125	0.01177	0.01295	0.01275	0.01159	0.01307	0.013	0.01292	0.01365	0.01169	0.01249	0.01408	0.01355	0.01169	0.01194	0.01361	0.01225	0.01261	0.01253	0.01328	0.01206	0.01257	0.01226	0.01289	0.01227	0.01228	0.0123	0.01217	0.01305	0.01376	0.01288	0.01326	0.01338	0.01243	0.01259	0.01445	0.01285	0.01258	0.01238	0.01234	0.01193	0.01321	0.01182	0.01206	0.0114	0.01126	0.01336	0.0
